1181
847.008  513.086  346.758  489.177
689.625  163.784  220.832  160.02
724.751  218.068  254.825  218.067
675.205  395.562  197.882  396.78
802.762  375.518  321.507  368.504
818.573  266.461  338.248  268.967
692.96  144.946  217.96  138.545
806.87  231.075  330.846  236.776
815.852  284.385  336.117  285.285
743.051  279.668  270.574  279.026
778.867  250.894  305.296  253.287
625.985  322.578  142.948  321.842
652.8  311.141  175.846  309.599
716.592  222.792  247.088  222.212
864.383  286.519  371.009  286.947
610.182  329.722  122.496  329.835
725.84  144.383  255.088  144.712
738.085  299.155  268.671  298.539
731.772  153.348  261.683  154.794
724.979  210.505  255.055  210.61
753.799  207.109  282.542  209.807
824.93  201.777  345.19  211.07
850.174  213.936  364.048  223.354
807.169  182.995  329.579  191.949
661.351  244.436  190.202  240.609
793.587  287.872  315.539  287.718
729.555  186.067  259.172  186.763
635.725  248.453  162.664  243.569
676.581  351.499  200.01  351.04
692.511  161.8  223.306  158.152
770.718  281.639  295.749  281.451
760.488  255.358  287.451  256.272
762.001  178.432  290.035  182.947
851.658  224.564  363.735  232.385
778.595  285.618  304.999  285.915
783.055  201.699  308.915  207.146
681.935  322.548  207.95  321.27
715.449  255.915  244.698  254.779
747.5  282.941  276.326  282.638
658.105  335.871  180.061  335.462
689.89  258.103  225.863  257.702
751.699  272.851  280.198  273.09
752.713  288.059  281.085  287.651
791.469  263.655  315.896  265.582
783.699  227.481  310.173  231.671
821.606  240.978  339.32  245.454
779.195  268.958  305.795  270.308
706.651  217.087  238.241  216.083
727.241  178.349  257.553  179.01
728.158  180.243  258.03  180.833
646.065  150.169  170.797  137.982
805.95  181.468  329.086  190.551
720.245  137.971  250.981  138.136
732.572  154.196  262.911  155.882
649.43  252.138  175.824  247.62
625.478  159.061  149.031  145.154
666.48  290.243  191.931  287.931
767.484  280.688  293.139  280.665
818.322  285.88  339.281  286.893
773.047  241.777  299.781  244.352
820.289  268.644  340.54  271.173
894.164  282.98  394.898  284.853
818.066  271.231  337.31  273.066
813.56  245.093  333.327  249.079
772.144  284.368  299.499  284.62
863.626  155.115  370.535  170.306
650.191  255.884  177.192  251.927
621.198  320.834  139.056  320.368
731.242  247.675  262.218  247.941
581.425  275.699  91.0517  269.57
610.097  331.325  121.55  331.395
764.663  222.734  291.531  225.262
771.397  283.516  297.692  283.718
800.938  188.127  322.245  195.366
600.967  357.991  109.241  361.646
831.485  211.947  350.227  220.532
724.173  195.319  254.329  195.589
647.093  304.554  169.963  302.798
786.309  309.013  309.689  307.389
833.732  316.693  351.865  314.98
721.796  174.442  253.76  175.262
695.898  151.843  226.587  148.284
719.963  121.565  250.822  121.547
651.583  325.68  173.306  324.977
731.108  191.301  260.179  191.754
659.779  239.931  188.672  235.934
881.927  301.357  386.598  300.833
660.869  239.496  190.403  235.439
719.072  226.977  250.783  227.087
746.343  276.978  273.303  276.543
733.772  248.076  263.979  248.525
848.676  214.592  364.148  224.157
782.121  254.607  308.867  256.985
739.397  236.129  269.12  236.811
732.621  188.104  261.754  188.786
632.182  282.302  153.157  278.477
664.417  246.482  193.152  242.96
773.521  165.743  300.214  171.912
813.498  243.454  334.156  247.613
761.757  162.141  292.298  168.203
625.137  317.477  142.81  316.27
671.885  136.255  197.73  127.101
650.628  324.214  172.369  323.48
670.071  265.159  195.828  261.596
691.236  319.855  217.994  318.629
725.534  126.538  256.784  127.634
722.808  139.3  252.92  139.704
625.102  319.427  144.135  318.589
723.638  282.43  256.383  282.153
734.904  209.09  265.2  210.092
664.112  149.72  189.703  140.192
764.358  181.589  290.67  185.494
851.318  415.151  356.43  400.662
722.496  244.149  252.057  243.77
757.306  228.876  284.223  230.397
699.216  206.462  232.214  204.963
778.812  228.283  305.125  231.741
817.098  196.363  341.906  206.546
732.368  189.8  261.492  190.394
677.879  319.829  203.799  318.414
740.29  183.084  269.032  184.99
732.111  250.249  261.898  250.47
817.088  259.529  338.227  262.77
663.455  155.188  188.88  145.837
842.66  512.884  345.279  489.646
805.399  279.358  327.534  280.326
747.352  182.985  276.278  185.516
704.454  165.688  236.982  164.546
821.257  220.792  341.247  227.921
656.439  240.16  184.406  235.466
603.677  262.609  122.041  256.368
735.012  303.769  261.682  302.396
623.852  320.523  140.5  319.447
754.647  252.589  281.824  253.502
786.431  173.766  312.438  181.255
777.612  281.253  304.472  282.109
736.307  215.405  266.23  216.671
711.608  232.237  242.75  231.668
676.231  136.618  207.383  129.986
847.899  514.777  346.889  490.821
740.64  178.733  269.554  180.437
819.291  197.682  339.933  206.835
774.657  325.991  297.642  323.038
764.768  281.687  291.961  281.579
705.215  271.316  236.654  270.607
722.874  212.092  252.809  212.145
736.471  286.139  262.009  284.45
773.554  221.775  300.123  225.052
854.755  243.053  364.373  248.595
680.447  351.292  204.008  350.9
704.297  126.387  235.852  124.422
722.498  142.499  253.268  142.714
875.575  300.345  380.455  299.682
743.544  170.903  273.173  173.433
581.378  353.525  85.3846  357.46
652.91  161.953  178.793  152.088
749.24  202.239  277.265  204.575
797.188  174.113  321.073  182.909
643.169  339.435  163.413  339.93
648.026  304.669  171.576  302.673
783.053  236.537  310.11  240.6
720.239  251.214  249.857  250.744
880.373  301.08  383.537  300.219
878.814  148.912  379.405  165.479
733.406  301.636  261.489  300.627
707.892  212.374  240.215  211.377
575.759  256.799  82.3291  247.212
734.427  249.379  264.648  249.965
756.388  290.832  282.688  290.275
704.469  265.709  234.847  264.724
806.827  278.81  329.494  280.498
721.27  211.391  250.882  210.695
855.841  184.201  364.779  196.006
716.873  212.187  246.708  211.153
673.172  264.353  202.769  261.647
872.042  268.366  378.473  271.885
901.024  525.675  387.427  492
645.894  158.519  170.737  147.313
783.207  253.355  310.569  255.946
675.825  348.577  199.554  348.383
765.324  188.774  291.996  193.131
571.349  276.955  76.2799  270.694
749.331  224.034  277.66  225.315
721.467  214.099  251.736  213.607
600.198  144.815  118.636  124.683
690.512  323.023  216.733  321.918
671.791  141.4  196.213  132.041
720.472  174.385  251.671  174.296
733.644  308.978  261.26  307.791
750.851  285.208  280.079  284.789
795.755  170.241  319.971  178.623
720.719  141.431  251.477  141.284
692.463  267.029  220.242  265.067
664.506  157.264  190.621  147.917
736.218  210.99  265.848  211.714
781.202  201.518  308.915  207.146
816.285  191.346  336.461  199.831
877.988  281.705  383.848  283.334
651.969  258.881  180.301  255.688
734.392  208.128  263.72  209.257
750.311  274.326  278.725  274.696
785.144  224.279  311.265  228.428
720.56  164.692  252.896  165.77
695.668  277.581  226.014  275.859
688.853  323.735  215.617  322.162
650.425  340.095  171.749  339.839
687.761  324.178  214.101  322.57
751.431  183.079  278.561  185.292
784.289  288.293  312.1  289.406
750.342  188.398  278.862  191.56
773.497  323.965  296.941  321.067
687.01  322.149  213.186  320.475
768.415  280.678  294.667  281.111
686.168  325.247  211.883  323.597
878.503  301.645  383.856  301.239
819.598  266.483  340.145  268.971
829.016  237.029  346.905  243.057
738.265  179.9  267.028  181.795
554.86  301.23  52.3916  297.673
815.928  187.041  335.628  196.33
721.9  136.669  252.219  137.242
593.564  350.187  100.116  353.53
564.701  301.171  65.1053  297.561
714.882  152.557  248.52  152.67
629.782  244.711  155.944  238.785
619.867  157.494  139.936  141.136
824.315  205.174  345.299  213.933
877.181  274.326  384.512  277.202
654.846  339.848  174.389  339.08
670.431  295.514  196.964  293.188
754.284  218.083  282.935  220.833
734.559  211.368  264.07  211.795
727.615  192.613  257.337  192.619
681.941  347.346  206.46  347.029
772.101  196.125  298.731  201.163
701.043  340.155  226.515  339.048
736.312  202.793  265.947  203.591
687.625  155.86  215.564  149.899
732.813  210.315  262.372  210.594
720.787  247.658  250.402  246.595
851.506  246.278  366.444  253.025
754.096  173.048  282.836  176.514
732.774  199.567  261.98  199.87
739.476  322.582  266.123  321.028
772.414  219.493  298.863  223.371
700.33  336.422  226.341  335.381
816.782  243.899  336.825  247.896
736.51  280.039  260.675  278.757
756.632  166.342  288.083  171.532
649.101  306.537  172.195  305.203
644.68  151.073  170.068  138.685
785.702  174.372  310.771  181.081
848.56  216.428  361.227  225.293
726.572  206.426  256.256  207.006
747.265  181.143  276.172  183.457
669.615  314.707  195.954  313.106
733.913  192.751  263.115  193.254
729.917  147.923  260.588  149.934
739.448  240.13  257.854  237.035
718.392  124.647  249.831  124.294
689.266  133.05  221.227  129.241
902.432  463.367  391.896  438.663
621.213  348.495  136.917  350.697
673.051  150.148  198.891  142.134
763.989  227.714  290.696  229.567
768.06  213.64  294.525  217.357
605.292  292.901  118.821  288.823
721.797  212.924  251.093  211.977
717.555  217.364  247.683  216.295
741.746  263.544  268.35  263.453
835.797  290.653  352.176  290.755
687.984  326.193  214.367  324.524
838.791  327.236  352.372  323.974
825.547  213.364  344.383  221.592
719.095  152.218  253.839  153.341
757.674  291.011  284.944  290
877.334  321.257  381.556  318.077
604.526  258.56  122.913  251.614
616.75  319.254  133.489  318.116
835.46  280.731  349.908  282.209
660.411  136.696  183.825  125.336
733.344  213.396  262.972  213.628
716.342  460.917  232.6  459.116
744.669  196.567  274.158  199.295
728.344  158.41  255.176  158.512
880.4  440.198  376.45  420.805
646.015  193.598  176.345  185.988
613.682  320.36  130.16  319.413
751.354  281.098  280.103  280.56
712.239  229.93  243.437  229.703
763.101  281.681  288.508  281.756
720.597  207.994  250.235  208.02
768.096  317.19  294.329  315.936
664.949  264.809  193.735  261.511
720.441  139.9  251.265  139.548
811.769  199.399  332.608  207.643
778.712  167.319  303.724  173.179
652.822  161.519  177.577  150.425
755.094  231.492  282.106  232.423
784.909  240.915  311.229  244.899
662.322  236.064  192.105  231.614
736.875  421.525  256.374  417.473
670.543  159.776  196.475  150.991
877.898  299.996  382.524  299.729
553.575  277.724  53.6557  270.411
560.382  351.945  58.0068  357.561
831.153  293.266  348.79  293.091
669.575  288.937  196.947  286.399
648.232  310.824  171.221  309.85
550.675  140.903  49.2693  108.332
670.638  144.031  196.439  135.455
765.935  230.478  292.708  233.385
689.051  169.089  220.201  164.843
816.371  513.119  321.031  493.534
654.679  164.875  179.317  154.134
849.094  204.606  360.21  214.284
760.517  231.49  287.407  233.893
603.989  274.706  121.123  270.242
575.837  288.686  84.9761  284.053
701.176  252.828  230.596  250.56
752.804  271.314  280.735  271.984
772.474  163.913  298.843  169.464
798.084  371.24  317.5  364.278
746.778  318.535  274.912  317.475
775.334  274.8  302.706  275.317
746.737  186.586  275.175  189.489
668.594  287.53  195.748  284.861
695.128  269.342  226.64  267.577
671.772  149.161  198.132  141.242
654.147  163.372  178.701  152.424
760.976  264.583  287.952  264.658
666.48  290.243  193.767  287.707
743.452  271.499  270.55  271.516
719.357  217.145  248.836  215.93
797.502  261.176  321.429  263.104
741.118  209.417  270.082  210.21
822.484  255.806  341.233  259.876
743.551  282.034  271.185  280.837
749.843  281.439  278.326  280.699
666.568  317.815  191.855  316.119
684.153  239.236  215.193  236.28
666.951  231.675  198.995  228.959
670.673  287.624  198.342  285.042
742.709  241.043  270.048  241.848
766.237  268.456  292.861  269.674
738.466  210.027  266.862  210.31
758.075  232.101  285.323  234.429
719.368  420.848  241.95  418.739
727.912  188.53  258.346  189.866
685.272  332.281  211.552  330.704
756.785  262.547  284.142  262.51
820.41  256.559  339.514  260.513
674.409  143.332  200.607  134.247
838.601  284.629  352.566  285.935
721.891  226.738  252.36  225.956
811.77  321.02  335.755  319.91
813.955  236.797  334.003  242.106
574.253  286.231  81.2591  280.831
704.331  159.559  236.902  157.55
669.398  267.082  196.737  263.531
664.656  290.514  191.931  287.931
645.084  350.352  162.247  351.496
812.911  239.158  330.215  243.266
723.466  221.108  253.562  220.37
920.53  480.106  403.148  451.172
649.547  259.754  178.656  255.834
618.528  317.199  137.441  315.97
592.439  167.468  106.704  147.664
663.768  239.894  192.124  236.413
721.752  219.569  254.464  219.515
777.687  279.865  304.164  279.889
741.249  312.426  267.202  309.972
759.555  285.791  286.699  284.862
748.72  266.491  278.733  266.504
705.891  262.893  237.512  261.366
603.868  237.67  121.606  228.039
704.958  260.958  237.267  260.838
693.329  141.469  225.338  137.339
710.86  208.37  240.61  207.681
835.104  287.95  347.202  288.267
771.391  288.115  296.247  288.273
684.968  288.004  213.767  285.669
819.465  289.041  338.073  288.672
742.005  242.204  271.055  243.537
756.138  171.495  284.816  175.02
726.246  142.236  256.88  142.546
606.532  150.571  131.546  133.832
794.446  508.477  303.912  493.709
760.08  223.97  287.163  226.843
660.74  316.379  184.238  314.354
756.659  169.792  285.167  173.372
811.621  307.299  338.561  306.84
671.798  159.245  198.027  150.516
883.028  440.563  378.174  421.06
618.34  161.909  138.395  145.554
669.832  265.543  197.808  262.005
615.353  249.374  133.408  241.245
726.082  284.068  259.259  283.424
772.877  168.456  300.219  174.107
797.285  188.186  318.12  193.854
775.091  241.349  301.678  243.301
815.335  511.777  321.031  493.534
766.792  287.396  292.071  287.543
769.087  279.247  295.808  278.869
911.925  466.614  399.556  439.345
778.308  179.755  304.474  186.629
721.872  260.88  253.527  260.016
704.601  171.126  237.177  170.603
821.304  271.518  340.663  274.407
683.95  350.958  207.431  350.845
663.213  314.475  190.484  312.868
804.169  178.808  327.361  188.641
806.567  194.908  329.134  203.649
804.49  219.783  328.984  227.029
694.803  261.465  218.592  258.876
680.989  289.443  209.326  286.939
742.656  243.841  271.836  243.821
756.828  333.704  280.686  330.1
781.355  282.4  308.357  283.946
759.102  263.125  285.399  262.755
603.024  155.884  125.725  138.452
697.379  157.035  228.579  154.889
787.198  253.365  313.181  255.401
683.374  349.186  207.177  349.111
644.574  320.261  167.161  318.733
602.957  324.725  115.657  325.436
708.876  276.852  240.76  275.409
794.672  253.859  320.132  256.323
656.813  332.908  183.817  332.313
783.032  171.131  308.536  177.43
587.994  346.841  96.544  350.746
787.897  173.57  314.311  180.898
737.081  219.04  267.353  219.453
889.429  528.289  378.768  495.534
765.85  194.556  292.164  199.103
723.982  126.733  256.784  127.634
773.387  283.553  300.943  283.287
616.255  233.796  135.953  224.436
707.448  279.969  238.379  278.252
653.686  263.46  179.234  258.813
742.814  209.472  272.496  210.457
589.008  263.079  101.612  255.097
695.121  334.986  220.61  334.366
805.375  365.351  321.187  357.909
803.32  193.039  325.077  201.172
850.267  413.904  355.689  399.043
779.193  224.188  305.54  228.902
685.896  329.098  212.135  327.208
671.081  141.107  197.787  131.472
735.491  417.852  255.061  414.277
724.822  202.447  254.857  201.769
800.151  189.459  322.222  197.499
641.629  253.523  167.591  248.075
859.346  227.022  367.166  234.86
851.625  222.457  364.803  231.685
721.66  280.543  252.754  279.225
767.523  274.817  294.551  274.551
752.727  185.853  280.407  189.547
658.874  272.186  184.607  268.127
703.747  260.835  233.831  260.253
642.236  154.232  167.906  143.192
827.533  382.143  339.645  373.708
789.992  286.12  312.42  286.798
729.139  286.347  259.758  285.034
600.619  252.721  117.527  244.403
568.481  276.834  71.2673  269.134
670.602  299.084  197.707  296.593
789.045  165.778  316.006  173.954
776.662  321.444  296.755  317.61
585.049  237.759  97.278  226.258
714.56  137.403  245.675  135.887
682.466  349.819  205.662  349.808
627.241  160.164  147.63  144.416
698.151  152.884  228.98  148.982
768.025  265.595  294.856  265.718
650.443  151.152  175.029  138.67
624.141  257.903  144.142  251.033
733.646  203.86  263.084  203.837
794.978  190.436  316.792  197.581
751.413  263.433  280.866  263.356
709.378  351.086  235.221  350.233
699.281  163.449  231.007  160.228
780.325  254.684  306.994  256.192
743.343  222.255  275.144  223.587
672.908  264.396  201.209  260.793
618.719  167.053  139.053  151.178
747.071  559.55  255.697  552.625
785.345  255.062  312.175  256.978
737.28  209.014  267.381  209.493
782.125  252.933  308.948  254.721
765.491  260.433  292.096  262.257
647.2  490.118  154.995  501.553
662.593  272.835  191.07  269.425
619.39  350.166  135.182  353.062
805.328  282.387  327.329  282.405
698.242  271.942  229.291  269.856
648.081  307.798  170.596  306.907
662.716  174.47  191.337  166.236
695.781  338.536  221.737  338.109
735.897  419.527  255.061  414.277
793.674  180.731  316.659  188.804
737.502  550.386  246.806  545.643
773.407  276.547  299.991  276.312
795.444  173.344  319.854  180.955
739.101  227.552  269.371  227.839
804.731  309.567  327.524  307.554
663.422  161.604  190.258  152.06
688.658  233.08  219.934  229.965
721.295  127.93  251.971  129.132
772.845  257.553  299.376  258.254
562.473  272.579  65.5859  264.34
882.457  321.942  383.765  318.691
820.51  197.058  341.303  205.36
778.875  188.824  304.769  195.401
669.351  305.885  195.924  303.5
812.037  186.363  333.231  196.255
760.514  230.308  287.939  231.497
704.744  245.082  235.667  242.954
670.049  286.13  198.037  283.211
646.06  246.829  173.42  243.095
601.686  148.221  118.3  127.294
680.304  327.767  206.32  325.846
723.744  282.377  254.859  280.982
711.154  352.079  235.936  351.102
615.493  283.656  139.592  281.789
744.496  175.522  272.291  178.553
722.907  136.786  254.219  136.6
848.363  414.601  354.755  401.503
765.086  286.888  298.615  287.348
777.17  323.065  301.978  321.746
863.028  292.892  370.645  291.816
670.603  412.643  193.683  414.076
772.427  223.088  298.928  225.436
742.206  198.31  271.356  201.065
762.729  301.855  288.324  301.551
791.132  179.478  315.165  187.742
653.104  136.868  177.127  123.354
699.428  277.466  232.076  275.755
553.141  282.272  51.5744  275.021
641.109  308.688  164.293  306.354
744.509  187.701  272.848  190.702
675.118  408.509  198.735  409.309
676.357  220.19  205.624  215.24
698.903  266.131  230.458  264.025
789.81  223.954  316.353  228.135
652.575  150.615  177.322  138.257
551.792  137.876  50.1185  104.233
723.875  217.231  253.159  215.912
605.292  292.901  120.436  288.602
809.15  316.771  332.326  316.191
819.187  189.077  339.706  197.661
725.653  211.952  256.044  211.196
722.882  259.27  250.522  257.125
922.653  195.437  417.572  213.393
703.045  257.502  234.354  255.4
773.108  213.204  299.606  218.085
766.159  251.454  293.191  253.995
750.674  284.114  279.509  282.955
577.272  249.714  84.4821  238.48
810.272  281.788  330.185  281.479
878.904  314.47  384.399  313.074
738.455  422.641  257.898  418.896
746.924  262.165  276.523  261.747
615.687  269.83  134.224  263.577
714.082  200.742  243.781  200.684
791.479  255.512  317.421  257.479
841.568  227.701  355.489  235.488
705.06  277.455  234.732  277.133
622.052  257.502  142.843  250.587
654.846  339.848  173.265  340.294
687.192  318.072  214.219  317.764
895.921  207.314  399.528  222.074
756.196  257.553  283.295  259.191
772.856  214.975  299.052  219.663
683.728  352.807  207.595  353.099
667.963  339.951  193.5  338.748
621.297  337.753  135.654  339.322
699.314  260.714  230.978  258.54
751.191  265.239  281.048  265.003
650.564  278.292  176.593  274.353
931.083  278.3  420.657  280.244
875.649  440.457  374.431  420.065
721.798  426.125  241.47  424.122
774.506  239.337  300.903  240.931
672.97  338.253  198.697  336.784
620.717  296.443  141.381  293.082
706.898  254.039  238.794  252.201
667.982  284.873  197.308  282.042
714.63  235.98  245.74  236.452
704.477  243.485  235.585  241.244
845.438  516.031  346.356  492.995
673.902  320.26  200.26  318.177
720.229  290.324  249.365  288.189
576.919  285.244  84.4242  279.261
624.772  238.41  148.578  232.628
733.358  289.338  262.173  287.437
624.989  268.663  146.827  262.979
713.934  134.748  244.133  134.69
737.809  183.222  267.253  183.8
738.591  306.231  264.752  303.512
812.102  244.033  332.507  246.992
723.776  233.155  252.689  231.507
711.619  260.327  242.572  258.439
684.684  257.4  214.988  254.21
890.586  562.911  377.584  525.466
575.38  329.927  77.7424  331.939
620.377  333.247  136.284  334.685
607.703  292.426  123.733  288.069
745.524  322.855  270.447  319.507
688.957  236.855  220.039  233.581
759.941  276.125  288.104  275.416
697.961  133.211  229.15  128.782
772.831  259.496  299.42  259.911
689.166  325.915  215.676  323.607
809.629  318.95  334.805  318.709
665.878  333.793  191.541  332.361
877.685  440.637  377.833  420.019
733.7  205.701  263.445  205.497
662.024  122.91  187.149  112.321
715.01  240.78  245.575  241.161
613.139  239.8  132.136  230.463
582.254  375.849  81.6817  381.752
668.049  242.984  200.741  241.484
585.39  282.763  96.5012  276.821
678.24  223.637  208.463  219.075
709.247  371.614  232.682  370.868
848.05  514.5  348.429  491.288
723.753  188.709  253.427  189.833
637.784  157.319  162.301  143.61
615.391  320.144  132.998  318.635
903.77  524.164  389.395  489.464
802.436  197.067  322.975  204.671
670.554  142.48  196.213  132.041
678.456  239.994  209.717  236.243
697.916  163.251  229.585  159.519
868.179  188.456  377.375  203.093
868.215  261.993  374.267  266.654
585.88  352.892  90.8442  357.797
831.148  227.596  348.544  233.081
671.918  319.998  200.26  318.177
669.787  269.238  199.131  265.708
877.213  442.882  375.776  424.144
663.19  159.629  188.879  149.224
767.358  252.746  294.356  253.153
766.134  283.49  293.465  282.455
560.382  351.945  56.269  358.043
652.852  152.927  177.152  140.383
662.957  176.747  191.079  168.167
879.05  555.581  370.235  520.769
591.432  347.367  97.5822  351.238
637.565  166.167  160.854  152.641
849.163  515.864  349.775  492.366
728.85  221.859  257.98  220.67
727.339  220.886  256.965  219.732
646.91  336.046  165.847  336.869
718.996  288.993  249.411  286.98
598.246  152.771  115.256  131.957
721.743  472.358  237.227  470.529
654.459  277.852  181.455  273.953
821.779  273.359  339.495  273.752
644.294  309.358  167.921  306.832
775.018  320.234  300.878  319.523
704.033  123.443  235.454  122.365
763.839  264.362  289.759  263.658
548.001  288.913  44.7638  284.884
647.578  253.17  175.261  247.848
877.532  147.144  381.471  166.35
640.099  340.474  160.065  339.75
784.952  231.654  311.449  234.541
700.067  367.112  223.983  367.026
735.198  244.842  262.217  245.618
661.547  144.396  187.08  135.331
681.33  325.919  206.32  325.846
651.013  252.025  177.335  246.358
832.197  213.666  348.303  222.587
621.968  331.422  138.458  330.418
809.629  318.95  332.804  318.453
737.471  228.883  268.508  228.868
791.164  183.312  315.048  188.987
747.783  261.016  277.571  260.478
764.526  232.026  291.038  232.859
752.786  262.303  281.167  261.627
778.98  190.998  305.45  198.079
776.427  168.865  303.718  174.429
725.416  425.324  245.387  423.171
664.8  152.92  190.152  144.706
603.643  143.832  120.439  122.245
642.877  342.045  158.622  343.188
682.803  204.173  212.735  201.654
864.022  254.341  372.543  260.38
666.473  176.365  196.241  168.593
701.364  251.862  231.675  249.061
685.362  322.613  212.348  320.193
666.568  317.815  193.71  315.695
835.796  201.913  352.818  212.922
676.952  281.624  206.456  278.534
670.866  220.761  200.112  215.133
872.165  316.286  376.622  314.381
617.88  165.715  138.338  149.214
666.266  177.908  194.186  169.496
665.256  249.509  194.285  247.386
767.576  259.648  294.505  259.571
757.364  213.148  283.829  216.586
681.46  203.016  211.441  200.399
710.737  236.708  242.211  234.658
690.614  271.93  222.484  269.386
704.522  253.328  235.279  250.79
675.523  140.886  201.936  131.155
714.235  419.332  233.894  418.395
588.242  134.857  100.942  108.977
547.122  284.766  44.7193  277.682
734.969  565.036  243.52  561.335
646.569  258.666  166.227  251.603
779.404  215.082  306.065  218.281
840.873  253.991  355.534  259.585
666.472  259.828  197.098  255.962
690.998  241.702  221.263  238.161
572.062  187.237  78.7333  165.839
821.341  224.976  341.072  230.09
851.825  242.809  362.38  249.473
571.998  208.751  80.0347  191.11
754.449  222.265  281.026  225.173
603.118  258.17  121.235  252.907
723.866  422.405  244.179  420.521
762.428  275.865  289.994  274.866
606.614  347.888  115.846  351.226
913.567  467.58  399.556  439.345
799.107  351.377  318.589  345.015
853.229  222.195  364.803  231.685
675.256  268.821  204.736  265.196
632.998  247.476  154.351  239.623
579.313  237.206  89.5073  224.493
776.339  312.025  296.515  310.832
829.016  237.029  347.094  241.349
763.316  332.384  286.312  327.99
648.927  192.211  176.261  182.793
767.789  229.509  294.417  233.496
561.685  237.586  63.1889  222.655
615.508  246.995  134.187  238.057
699.813  270.58  231.649  268.179
673.486  294.426  198.337  293.477
664.447  179.039  194.465  171.162
714.182  146.568  245.657  147.522
701.216  255.064  230.94  252.019
812.023  275.392  333.546  275.738
666.795  168.442  194.305  159.343
599.587  267.081  117.449  260.04
603.424  265.777  121.328  258.579
749.561  191.29  277.212  195.047
665.093  311.137  191.857  308.57
679.968  240.347  210.687  236.244
656.422  250.27  184.501  244.924
585.543  352.932  88.9559  357.995
716.336  238.399  244.828  235.73
787.829  169.723  313.398  176.215
678.034  204.288  207.882  198.606
891.971  285.245  394.288  288.393
651.656  278.283  178.282  274.078
600.604  119.409  114.929  93.2854
617.22  325.616  134.518  324.213
725.449  217.619  255.101  216.086
726.239  220.068  255.863  218.574
735.805  207.94  266.156  207.773
718.874  422.701  241.868  421.483
730.239  320.876  256.307  320.315
759.848  260.57  287.223  259.93
691.897  142.743  224.431  137.81
676.259  263.342  206.078  259.554
851.7  413.455  356.841  400.7
601.844  345.674  110.74  349.147
605.508  347.246  114.177  350.628
893.84  258.192  397.913  262.978
870.418  208.824  377.193  220.756
729.308  244.899  261.08  246.911
675.763  160.221  207.724  153.423
579.137  257.191  84.2113  246.084
627.79  167.066  152.894  153.065
716.427  421.026  236.124  420.036
595.216  151.92  112.363  130.479
675.514  299.982  203.326  296.957
822.114  226.424  337.178  232.77
586.317  243.939  97.9272  232.453
704.684  250.357  236.472  247.894
755.199  300.385  280.257  297.425
667.835  268.718  196.236  264.541
793.792  204.707  318.257  212.477
805.794  284.666  328.079  286.971
747.265  181.143  276.278  185.516
675.777  142.311  208.46  135.099
693.128  271.756  225.656  269.22
685.867  239.63  216.234  235.606
722.823  262.91  256.51  261.774
929.879  539.575  407.992  498.357
739.288  570.095  248.233  565.452
645.833  316.579  169.071  314.101
827.147  240.052  344.75  246.688
784.769  195.289  310.666  199.806
609.093  166.729  130.016  152.699
725.27  210.12  255.405  208.677
670.709  212.799  199.732  206.497
740.531  206.123  270.338  206.184
929.202  477.579  410.867  448.951
667.903  178.674  197.542  170.821
763.893  285.667  287.265  286.188
646.62  165.276  170.726  152.457
736.214  217.216  266.23  216.671
652.09  194.525  181.696  186.09
639.012  152.057  163.293  137.489
709.378  236.975  240.6  234.493
722.732  144.908  253.861  143.889
902.48  227.46  399.823  238.57
662.393  187.433  191.888  179.409
712.691  280.765  242.66  281.298
825.462  192.76  344.828  200.926
545.143  298.371  43.062  293.65
852.45  263.059  362.235  267.613
743.266  205.592  274.353  206.368
576.039  301.104  82.8495  296.812
796.775  273.546  319.201  273.058
645.936  264.751  170.183  258.931
663.879  183.4  193.341  175.281
668.776  164.915  195.289  155.257
604.109  261.49  122.615  253.746
582.355  282.312  90.694  275.343
877.968  444.732  375.327  426.126
796.453  276.138  319.836  275.675
757.665  288.334  275.906  287.394
691.74  140.148  219.848  136.469
668.206  183.841  197.926  176.209
902.267  466.096  390.469  439.033
698.365  264.127  230.604  261.477
705.905  196.797  234.332  196.106
756.266  562.652  263.565  554.567
737.898  204.559  267.518  204.202
677.84  268.644  206.969  264.71
849.848  206.367  360.203  213.428
718.368  497.437  232.075  496.806
714.372  246.368  244.507  243.812
651.244  197.921  182.176  189.961
757.52  330.193  281.818  325.872
711.226  538.986  221.373  540.584
567.402  153.876  80.0305  132.126
723.253  481.037  237.947  479.491
676.451  216.139  205.422  210.229
552.165  143.671  49.2353  109.932
613.17  150.612  147.66  137.096
803.331  194.951  331.955  206.591
773.959  217.821  299.948  223.108
722.479  241.239  252.513  239.141
655.304  248.507  183.091  242.668
573.238  139.901  80.1451  110.77
622.687  175.209  142.73  159.479
755.709  253.845  280.976  252.317
806.793  372.791  320.958  363.636
682.834  251.727  212.63  247.532
673.047  284.975  202.63  281.55
784.772  183.096  308.932  191.035
661.196  139.902  185.211  130.424
588.298  315.841  102.426  314.003
723.057  218.632  252.245  216.422
686.368  250.206  217.064  246.344
824.378  236.275  339.546  242.335
658.112  239.056  188.591  236.996
728.545  219.666  257.977  218.004
583.997  190.65  95.256  171.362
708.755  212.588  241.43  210.262
751.457  256.306  281.146  255.63
722.617  203.56  253.112  205.408
778.86  266.292  305.425  266.065
680.868  187.81  210.622  185.046
727.329  255.696  258.575  254.006
609.911  152.02  129.625  132.586
675.171  242.229  206.023  237.643
648.629  195.161  178.686  186.434
642.598  320.739  165.71  318.381
608.533  370.073  118.483  372.8
637.687  326.337  155.25  327.249
652.295  183.519  179.998  173.545
784.349  201.754  310.312  205.594
562.206  351.687  56.269  358.043
594.921  153.694  110.73  131.622
702.329  216.851  231.184  216.396
601.956  263.573  121.585  256.121
700.21  264.278  232.322  261.49
607.341  346.916  117.43  350.627
696.481  132.019  220.682  127.305
727.425  293.405  254.966  290.261
702.908  235.836  234.498  232.79
735.658  206.968  265.382  206.188
779.068  195.611  305.098  202.872
701.642  452.153  217.684  453.617
671.509  170.616  198.012  161.297
734.482  187.354  265.251  187.133
671.023  168.927  197.649  159.518
748.292  281.81  277.143  279.791
819.421  198.064  338.99  208.481
772.399  318.621  299.346  318.818
561.562  279.44  64.6989  275.054
609.567  163.25  127.131  144.161
640.744  173.14  161.29  158.773
643.343  345.273  156.803  346.934
659.9  333.29  184.103  331.118
900.067  223.624  400.554  236.386
634.549  245.322  155.198  236.66
811.885  314.859  331.975  314.758
791.395  189.866  315.708  198.586
836.818  210.618  352.907  221.157
602.424  252.175  120.701  246.801
669.461  169.229  196.714  159.858
608.183  348.075  116.013  351.69
686.969  252.053  217.396  248.031
673.823  263.403  203.825  259.15
542.431  131.738  39.9226  94.9356
656.863  248.799  184.785  242.843
639.544  175.687  161.449  161.843
579.892  357.459  81.8653  364.01
664.684  178.123  194.186  169.496
754.791  185.232  281.144  189.886
677.482  220.543  207.405  214.89
689.029  251.953  219.38  247.945
780.482  195.765  307.583  203.737
596.498  245.978  113.413  235.695
718.384  483.085  233.348  482.576
672.025  311.961  197.707  308.584
716.296  423.102  235.603  422.583
673.359  154.467  201.971  145.3
547.364  286.112  44.4348  282.405
603.546  146.891  117.112  123.679
639.898  327.554  158.299  328.775
704.443  235.619  235.518  232.345
877.411  151.423  379.284  169.908
755.877  178.917  282.675  184.169
779.577  199.97  305.924  207.352
648.603  236.909  174.912  229.44
676.468  301.471  205.149  298.155
661.54  141.86  186.908  133.395
620.352  168.367  140.412  151.465
561.602  124.074  63.4519  88.9931
697.42  158.712  228.806  158.008
848.831  515.85  347.979  493.368
775.874  318.458  301.471  318.616
714.967  416.292  234.968  415.968
609.473  374.559  118.022  377.37
565.033  257.389  71.1813  250.174
600.555  264.914  119.346  257.203
563.239  119.201  67.4151  84.3219
745.965  198.845  273.688  202.653
735.257  183.441  265.343  182.897
823.18  214.354  339.647  222.959
625.434  244.396  145.136  234.977
707.223  376.064  228.628  376.237
816.689  354.663  338.609  351.567
677.965  213.275  207.973  207.255
869.84  210.243  376.727  222.616
641.864  344.798  156.803  346.934
766.18  170.544  295.961  174.561
670.315  162.996  196.39  152.717
632.845  167.041  160.058  153.619
859.246  175.1  367.286  190.104
614.82  154.83  134.089  135.61
653.239  279.136  178.91  274.084
689.156  217.251  219.443  216.57
695.208  511.917  207.257  516.406
675.691  447.665  190.984  452.865
727.823  236.461  258.376  234.481
746.296  324.215  269.474  319.47
717.639  258.29  247.661  255.352
613.777  322.532  131.818  320.383
681.677  208.156  211.543  202.144
820.147  293.013  347.076  292.864
744.972  240.655  275.855  239.949
647.897  487.518  155.268  499.953
583.356  200.984  95.6415  183
563.269  123.505  67.8921  89.4137
649.957  246.671  177.486  240.005
692.077  257.886  222.676  253.944
769.626  277.608  296.536  275.883
653.276  139.154  175.952  123.948
785.897  166.446  310.656  176.269
626.435  167.008  149.59  151.428
677.69  217.376  207.79  211.409
804.368  242.195  329.009  244.707
704.427  220.341  236.398  216.996
701.159  271.933  233.879  268.987
830.722  258.744  346.801  264.201
577.625  243.392  86.0151  234.704
646.25  337.785  165.762  339.853
900.766  571.413  382.609  530.347
811.695  209.373  330.475  213.222
881.598  149.264  381.47  168.241
659.566  467.705  169.477  476.683
574.587  258.291  82.3291  247.212
772.975  264.641  299.348  263.555
675.898  405.099  198.889  404.409
717.588  421.598  237.654  421.257
688.594  245.019  218.561  240.377
888.412  173.408  390.778  192.155
588.037  320.627  101.951  318.823
599.274  251.157  117.709  241.523
675.195  295.265  204.115  291.495
583.233  159.847  95.5795  135.917
739  258.353  266.217  260.257
759.942  258.065  288.829  261.734
734.37  285.905  263.804  282.975
706.137  482.121  220.505  483.987
677.586  298.089  207.001  294.488
750.432  193.14  276.96  197.478
686.418  554.948  195.165  563.358
699.282  212.724  227.289  212.216
714.431  417.574  234.617  417.621
899.972  527.542  386.283  491.779
798.427  255.918  323.075  261.449
653.402  184.93  181.189  174.581
719.254  196.931  249.112  198.867
573.286  188.832  80.5489  166.877
691.234  257.628  220.9  253.22
579.649  125.394  88.6498  94.685
625.277  180.574  145.285  164.848
649.383  261.095  173.928  254.348
642.408  443.463  154.27  453.388
717.959  418.249  237.734  417.996
871.824  182.067  375.523  197.1
701.123  525.208  211.197  529.393
676.535  174.996  205.148  166.583
591.829  152.549  105.866  128.753
853.905  228.889  363.722  238.226
723.257  240.326  253.79  242.644
682.972  256.156  212.521  251.27
574.175  287.838  81.2591  280.831
701.283  525.817  209.713  530.289
753.101  208.252  280.507  212.965
650.211  487.493  158.295  499.794
680.812  135.749  207.26  125.256
762.925  325.839  285.862  320.54
861.724  160.341  370.595  172.799
630.763  182.277  150.255  166.747
680.384  219.999  210.209  213.802
767.341  329.927  289.682  324.297
799.164  212.884  321.457  221.135
918.281  544.803  397.936  503.722
624.752  167.055  149.779  151.571
701.424  526.719  211.325  531.114
823.971  238.39  340.476  245.595
673.265  400.426  191.537  399.207
701.132  370.321  224.873  371.621
656.224  482.217  166.232  493.112
672.898  162.965  202.502  153.746
750.833  249.252  279.274  252.905
679.33  176.983  207.942  168.659
680.248  545.654  187.653  555.679
698.209  221.403  230.117  217.058
574.253  286.231  81.598  278.79
629.449  179.158  149.373  163.245
796.535  217.819  321.201  226.365
718.206  215.449  247.415  217.395
577.401  257.934  84.2113  246.084
585.591  208.766  98.0231  191.417
772.07  315.846  296.005  316.499
746.819  279.167  277.451  276.699
900.895  209.448  401.154  225.26
687.373  273.814  221.244  270.232
549.728  247.626  47.0144  232.154
789.853  275.361  314.922  273.828
605.542  123.601  119.87  97.1344
644.317  164.769  171.926  151.734
676.317  204.707  205.676  197.347
607.499  162.667  123.66  141.848
710.635  374.02  233.793  374.827
637.433  311.06  162.966  307.562
831.084  246.594  345.676  253.375
696.523  360.483  220.278  362.029
866.987  169.707  373.472  186.897
780.368  253.534  307.105  253.111
805.992  176.518  331.283  189.959
775.108  272.727  301.27  270.697
813.433  226.005  333.217  234.373
573.909  206.136  82.4845  186.778
602.228  246.59  120.77  235.931
833.857  254.132  348.313  260.493
580.891  163.717  92.6151  139.381
598.93  139.346  115.46  114.977
585.828  204.206  98.5465  186.191
791.105  193.518  313.529  202.28
848.759  213.37  370.056  222.47
742.914  191.389  269.89  195.608
690.034  167.029  221.719  166.607
866.365  167.228  372.151  184.347
641.055  148.073  159.731  129.772
644.131  311.261  168.172  307.232
604.012  263.602  122.554  254.796
692.394  280.582  225.938  276.979
623.135  166.048  145.729  149.125
598.922  359.3  103.149  365.669
622.702  184.911  143.469  169.133
866.105  178.95  372.409  194.962
722.137  473.52  237.769  473.339
633.985  165.602  159.769  150.762
631.157  186.253  151.284  170.93
832.637  348.006  346.09  339.152
751.116  164.014  279.288  170.664
811.288  179.263  331.193  191.286
639.993  486.127  148.318  500.623
670.953  277.054  198.479  271.55
886.596  175.491  390.269  195
652.577  158.363  173.603  142.903
714.809  227.428  241.594  228.653
844.547  184.849  354.692  198.032
630.013  540.203  130.273  562.593
602.199  259.483  120.736  250.058
560.806  144.791  64.219  112.751
660.954  146.084  185.575  138.645
665.974  186.936  195.463  177.636
868.358  165.58  373.31  183.143
751.986  243.006  282.327  247.964
878.637  152.576  381.077  172.725
850.774  182.2  360.609  196.717
772.377  269.599  298.631  267.289
582.005  190.996  93.8357  170.387
591.284  151.837  105.299  127.129
604.121  167.372  124.77  148.062
657.456  503.235  165.267  515.981
737.471  228.883  270.047  227.35
661.851  190.166  191.543  180.594
634.319  542.843  131.64  565.238
606.238  298.165  124.075  292.562
623.053  177.679  145.603  168.299
823.075  210.207  343.673  215.081
869.775  163.15  374.046  181.227
864.926  195.805  373.141  210.956
668.665  190.876  198.223  181.691
880.138  522.744  371.992  489.444
605.005  260.362  123.338  250.615
568.755  227.964  74.656  217.507
872.539  164.889  376.728  183.441
698.66  225.575  227.152  226.558
607.395  360.401  110.019  366.6
876.507  165.053  378.333  183.334
854.059  179.232  361.66  194.092
680.262  214.438  209.742  207.013
675.888  165.355  202.986  154.745
641.674  273.623  167.635  266.839
713.616  541.866  224.495  544.708
864.871  177.312  372.175  194.343
618.199  266.55  138.924  257.921
791.698  214.946  316.619  224.023
681.379  219.262  211.528  212.24
864.71  182.905  371.516  199.086
633.603  470.608  139.843  485.556
780.915  249.999  307.506  249.006
593.43  155.607  106.424  130.755
654.78  194.261  184.788  184.05
609.221  169.721  128.398  150.063
661.488  150.838  186.127  144.316
622.023  299.233  142.782  293.524
708.868  243.36  241.318  239.107
680.596  212.538  209.826  204.841
853.911  164.045  360.852  180.302
614.756  268.19  134.616  259.4
887.268  343.388  387.988  332.811
831.114  232.988  344.955  234.089
762.457  200.128  285.491  205.88
606.125  165.306  126.919  145.379
719.017  148.997  246.926  143.716
877.411  151.423  379.278  171.835
722.746  207.911  253.686  204.192
794.097  202.225  309.463  209.172
717.574  481.165  233.348  482.576
598.319  284.91  111.928  276.699
620.904  270.361  139.592  261.299
602.1  238.649  118.815  225.561
602.181  171.554  121.949  151.523
632.06  542.198  130.468  565.435
871.07  180.041  375.523  197.1
769.065  333.092  289.738  325.729
874.919  240.108  379.004  250.455
685.312  221.158  214.023  221.69
632.437  161.382  155.735  144.033
870.333  178.322  374.608  195.448
786.167  315.22  312.09  317.794
695.504  194.864  225.814  196.231
811.885  314.859  331.975  314.758