1507
712.112  552.01  222.785  554.343
653.052  196.565  182.057  187.313
881.806  226.211  386.001  237.371
902.542  419.135  392.89  400.579
893.94  280.474  391.687  283.708
817.658  212.459  334.013  220.498
685.674  159.947  213.925  154.414
782.487  333.219  305.383  330.837
687.009  255.796  217.566  252.777
848.065  289.131  359.665  290.444
713.842  242.02  244.09  240.462
678.123  263.426  208.879  260.297
868.901  309.007  374.716  308.017
646.177  277.987  171.091  274.152
740.285  211.487  269.702  212.623
697.583  391.758  219.814  392.852
725.984  178.082  257.137  178.445
737.314  213.696  266.165  214.475
828.986  396.293  340.338  386.641
725.542  215.565  254.227  215.135
677.867  363.171  200.393  364.51
665.746  513.081  173.774  524.537
773.671  171.403  299.936  178.394
796.661  256.735  322.846  259.812
660.285  322.535  183.536  322.101
647.45  166.299  170.784  154.539
635.184  161.247  159.055  146.886
900.853  266.325  400.443  272.331
743.536  199.495  273.163  201.403
731.772  193.862  262.397  194.558
647.62  278.964  172.981  275.315
721.149  471.413  237.141  470.446
793.596  182.205  317.229  190.743
706.744  167.979  238.348  165.732
664.603  264.356  195.267  260.623
778.884  231.598  305.284  235.119
868.722  158.383  374.376  178.5
697.03  231.697  228.054  228.71
660.294  159.429  185.621  149.565
755.828  267.713  284.096  268.168
821.35  227.326  341.421  234.287
710.168  237.338  241.438  235.51
886.595  457.711  379.257  434.814
811.736  382.86  326.763  375.591
662.906  186.959  192.072  178.549
889.744  291.076  389.798  292.705
709.07  142.02  240.885  140.385
749.37  242.637  278.538  243.537
677.313  261.03  206.627  257.648
750.358  270.462  278.557  270.568
733.673  315.401  260.629  314.193
848.53  290.961  359.169  291.937
746.724  287.83  276.47  287.454
747.07  471.999  262.796  466.937
699.02  255.987  230.174  253.755
705.243  281.737  236.267  280.362
783.676  326.006  306.97  324.1
762.685  189.913  289.576  194.429
615.454  265.34  134.351  258.663
663.113  181.91  192.025  173.289
778.57  183.664  304.669  190.329
702.512  250.009  233.6  247.769
746.365  467.129  262.221  462.205
903.027  167.081  398.875  189.654
896.282  264.079  396.122  270.117
607.483  327.216  121.358  328.573
718.31  525.269  230.442  525.32
616.051  272.639  136.658  266.99
680.062  263.365  209.848  260.179
689.104  232.653  220.112  228.991
775.791  279.244  301.616  279.789
696.279  222.733  227.9  219.498
583.545  208.066  95.3052  190.298
828.577  349.863  343.798  344.972
760.941  227.928  287.464  230.277
773.668  282.3  299.984  282.775
691.935  328.973  218.838  328.608
718.638  170.23  249.674  169.65
774.182  216.601  300.85  220.619
828.393  196.648  345.116  207.488
780.986  181.788  307.1  188.853
838.173  216.234  351.848  225.503
738.006  236.358  269.772  236.83
755.548  234.399  282.684  236.055
733.943  212.859  263.875  213.411
689.705  562.005  197.751  570.418
717.339  266.832  249.714  265.852
711.676  157.496  240.5  156.134
721.476  240.184  252.761  239.323
689.776  270.019  220.07  267.57
640.592  274.231  165.251  269.804
658.355  157.991  183.176  147.845
757.135  180.63  284.335  184.882
690.269  235.272  221.477  231.918
614.628  290.681  131.047  286.989
720.509  268.777  252.417  267.917
736.008  212.743  265.781  213.358
739.49  216.181  270.262  217.075
686.734  248.832  217.639  245.646
610.285  289.752  129.133  286.148
752.541  276.424  281.599  276.42
765.721  293.016  292.171  292.619
542.863  167.446  40.6893  135.086
569.451  209.95  73.7237  190.456
702.836  246.156  233.423  243.798
752.637  267.236  281.054  267.616
870.835  398.272  372.075  385.417
721.227  224.162  251.751  223.356
677.2  367.775  198.47  369.284
790.633  292.447  314.672  292.74
847.224  316.136  359.571  314.39
742.156  238.515  273.739  239.27
579.388  280.133  87.9403  273.938
835.947  202.94  352.067  213.803
741.358  197.766  270.656  199.556
882.043  172.956  384.812  192.402
787.742  176.714  312.248  184.954
703.677  168.931  235.676  166.269
825.235  262.788  344.772  266.426
634.488  261.388  155.865  255.148
813.034  238.306  333.107  243.692
740.778  247.567  273.079  247.887
612.419  262.249  130.363  255.021
757.769  232.471  284.431  234.391
802.452  189.595  323.838  198.573
686.175  233.445  216.144  229.467
718.675  174.813  249.6  174.129
745.271  188.072  274.003  190.687
754.101  294.376  276.178  293.068
844.25  359.3  354.536  352.601
729.928  193.99  259.548  194.582
706.613  137.66  237.672  135.551
709.831  282.64  241.583  281.353
666.713  311.663  191.547  310.418
607.008  168.71  126.087  149.779
794.179  348.145  314.598  344.372
613.619  273.509  131.038  267.518
702.702  243.66  233.211  241.436
782.902  293.468  302.374  292.723
755.923  314.02  280.838  312.71
582.702  129.123  93.9767  100.15
667.127  263.608  196.851  259.987
754.311  185.32  280.347  188.947
688.893  329.358  214.852  328.767
773.285  294.959  301.508  295.102
620.154  154.121  151.887  135.577
782.299  257.53  309.009  259.64
736.574  308  262.14  306.736
811.099  280.254  328.638  281.582
824.56  328.147  343.364  325.88
764.985  183.927  290.825  189.138
748.981  279.742  278.716  279.782
641.874  277.46  166.936  273.61
864.626  339.405  373.06  334.752
659.82  178.368  187.564  169.027
853.486  204.606  365.575  216.823
769.636  293.918  296.68  293.628
707.955  252.797  239.618  251.155
721.457  231.56  252.347  230.528
766.382  256.182  293.265  257.662
666.987  173.925  194.83  165.788
683.99  254.075  215.032  250.977
783.44  258.375  310.476  260.765
733.041  195.297  262.679  195.993
767.492  169.357  293.627  175.549
795.277  258.435  319.782  261.059
764.566  181.708  290.591  187.019
676.186  166.274  204.98  159.111
604.461  155.422  119.865  134.57
723.29  288.181  255.454  287.613
737.53  506.534  250.953  502.685
753.838  337.603  277.811  335.296
659.422  156.454  184.405  146.507
903.289  372.155  398.58  361.335
678.586  241.827  208.848  237.818
807.349  381.028  322.816  374.22
618.449  169.029  140.188  152.002
795.897  183.316  318.968  192.194
702.545  257.425  233.619  255.225
810.524  375.191  326.513  368.515
677.038  337.446  201.122  337.379
773.96  224.406  300.324  227.833
549.749  148.868  44.9072  115.103
718.6  145.768  249.767  145.563
762.412  292.49  288.014  292.154
772.882  259.045  299.388  260.764
686.37  328.218  212.271  327.596
698.402  520.177  211.334  525.424
653.565  253.424  179.945  248.165
837.983  224.163  354.892  232.538
718.832  251.787  244.842  250.121
660.698  264.29  188.443  260.294
764.495  280.845  290.782  280.806
794.655  295.353  316.531  295.407
688.251  276.823  217.141  274.341
804.378  259.325  327.71  262.619
721.586  237.563  253.681  236.539
801.882  194.495  323.904  202.715
732.855  238.761  262.202  238.752
806.797  199.92  327.557  208.444
840.78  308.959  353.463  308.104
821.701  261.55  340.591  264.98
721.237  179.803  252.119  179.65
610.428  252.356  127.16  243.735
572.218  274.513  78.4137  267.032
787.775  310.828  309.503  309.38
866.064  232.378  374.817  241.512
674.367  267.852  205.001  264.609
697.69  347.385  222.072  346.862
747.422  270.878  277.415  270.802
551.23  168.488  47.2382  138.725
810.871  327.962  329.983  325.305
624.499  279.701  145.261  274.988
700.269  231.648  231.207  229.13
768.158  217.219  294.568  220.53
698.422  263.717  228.788  261.704
628.116  169.417  150.852  154.535
608.012  243.022  125.262  233.094
614.341  261.962  132.695  254.545
895.407  342.059  395.016  336.209
778.561  317.73  302.745  316.108
709.692  264.812  240.953  263.101
720.999  168.923  251.635  168.958
751.046  277.876  280.431  277.709
740.91  343.596  266.192  341.991
710.458  141.948  243.929  140.238
755.102  174.515  282.43  179.091
650.201  167.991  174.155  156.984
875.333  330.035  378.477  326.299
594.929  292.255  107.669  288.275
690.253  233.682  221.313  230.015
792.081  293.695  313.303  293.73
675.944  220.899  205.79  215.808
731.648  213.715  261.258  213.752
660.619  136.975  184.042  126.402
631.282  262.045  155.711  256.287
898.742  333.402  395.914  328.527
651.804  189.035  178.931  179.357
747.052  266.259  277.181  266.264
572.683  362.347  70.2721  370.38
813.779  245.741  333.959  250.603
665.529  292.978  193.039  290.725
667.389  293.747  194.886  291.555
551.61  283.594  48.107  276.918
678.412  239.999  208.691  235.558
710.592  213.607  240.139  211.505
641.645  312.053  163.454  311.268
709.031  551.974  219.267  554.739
666.853  264.905  196.226  261.415
725.134  200.49  254.797  200.489
654.534  344.961  173.981  346.22
852.892  358.097  360.258  350.919
688.828  520.662  200.184  527.42
725.376  557.546  235.24  556.43
850.75  411.502  355.879  398.167
700.103  257.195  231.101  254.791
609.812  261.074  128.721  253.779
798.197  341.468  318.937  338.033
661.556  186.408  190.512  178.013
613.793  283.11  132.732  278.466
703.38  281.947  234.881  280.74
772.866  217.231  299.189  220.933
688.339  234.88  219.311  231.481
654.793  253.066  182.262  247.57
724.607  523.002  236.684  521.787
900.808  215.234  398.085  229.565
687.599  169.112  219.365  164.091
677.761  366.328  198.423  367.684
726.181  216.6  255.912  216.453
881.584  366.963  383.453  357.828
778.342  180.968  304.533  188.06
610.586  191.38  130.196  175.243
845.294  315.987  357.015  314.433
832.09  308.563  345.565  307.212
729.736  512.473  243.202  509.932
719.768  265.414  251.277  264.616
906.723  323.458  401.491  319.974
662.709  274.113  191.304  270.584
555.955  225.626  58.5695  207.338
836.372  208.069  354.173  218.113
920.647  213.645  416.56  229.837
721.033  164.681  253.426  164.8
836.511  201.887  353.413  212.631
912.767  487.863  397.546  457.81
660.988  242.932  191.114  237.306
728.749  184.573  258.664  185.378
767.811  174.229  295.812  180.024
820.935  200.901  339.527  210.289
799.323  194.385  319.962  202.258
710.085  483.899  225.158  484.89
599.053  285.471  114.684  280.712
840.431  223.787  357.053  232.315
768.055  257.868  294.685  259.456
710.716  235.281  241.987  233.28
814.278  382.138  329.433  374.607
685.006  256.111  215.545  252.753
765.357  217.546  291.825  220.992
731.492  191.58  261.031  192.082
574.327  360.944  73.9019  368.889
772.857  260.932  299.442  262.646
726.376  164.64  256.884  165.145
855.533  231.594  366.481  240.56
696.475  168.077  228.746  164.452
560.83  277.347  61.6276  269.825
706.477  225.45  242.026  223.172
868.622  378.552  373.52  368.992
621.087  168.711  146.552  152.357
764.571  164.872  290.974  170.841
814.055  331.078  335.904  328.546
699.806  269.17  230.504  266.965
591.06  292.82  99.9774  288.898
807.142  182.468  329.823  192.287
664.224  272.847  193.142  269.79
670.829  428.212  186.408  433.133
700.528  244.083  232.072  241.927
825.258  207.242  345.545  216.389
706.198  210.939  238.14  208.88
773.709  343.832  296.69  341.3
767.787  170.658  293.408  177.201
669.692  300.376  195.865  298.381
659.009  160.847  183.406  151.144
685.396  234.713  215.218  231.061
666.576  160.737  192.017  151.805
621.077  163.015  140.805  146.499
810.175  336.102  329.409  333.28
813.501  341.151  337.54  338.747
826.525  351.367  340.637  345.944
668.064  158.159  194.33  149.899
650.415  199.421  179.644  189.727
600.485  298.304  111.603  294.82
649.304  166.831  173.016  155.699
697.696  350.938  222.109  351.005
562.26  127.894  65.5078  93.9844
816.331  330.394  335.012  327.435
867.135  379.301  372.11  369.7
768.381  269.354  294.973  269.906
749.961  191.069  278.569  193.742
744.351  466.526  262.221  462.205
719.207  249.31  250.433  247.926
621.592  500.249  121.243  521.167
684.88  272.822  215.77  270.146
874.559  392.494  375.522  380.442
776.366  333.669  299.83  331.651
682.48  203.536  212.126  198.657
752.431  293.515  281.546  293.423
553.994  133.073  53.6126  97.2775
674.598  366.191  195.582  367.375
666.386  182.719  195.409  174.956
714.429  153.945  245.249  153.345
794.513  310.381  317.932  309.773
645.925  198.317  175.304  187.914
731.536  187.595  261.135  188.733
672.945  267.47  202.444  263.917
672.023  364.265  193.255  365.587
769.376  313.016  293.93  311.434
634.256  169.918  156.469  156.356
737.669  182.994  266.755  184.468
552.808  144.542  48.247  110.798
864.895  229.978  375.135  239.299
658.817  147.922  182.726  137.184
590.526  358.165  96.098  364.399
720.797  488.312  235.831  487.314
894.293  307.585  393.595  306.594
836.109  326.092  355.826  324.513
650.107  188.081  177.477  178.199
810.75  286.234  338.139  287.674
670.342  143.8  197.381  134.968
759.847  297.196  286.501  296.292
746.694  186.592  275.599  189.035
698.249  358.165  222.387  358.475
665.122  321.213  189.425  320.398
721.044  173.361  251.862  173.446
862.013  225.152  373.156  234.918
687.265  280.626  216.832  278.818
744.449  472.268  260.525  467.331
745.073  462.688  262.171  457.95
784.331  356.238  305.676  352.758
710.547  519.984  222.903  521.438
755.816  185.992  283.26  190.191
902.935  326.286  401.242  322.625
683.947  326.674  210.025  325.908
667.86  135.51  193.308  126.743
769.587  291.149  296.265  291.381
840.164  327.902  354.413  324.788
733.938  209.517  263.523  209.749
606.66  306.659  119.979  304.502
735.13  244.637  264.86  244.877
689.302  327.731  215.359  327.512
677.319  240.615  207.456  236.635
620.197  349.516  134.016  352.531
567.49  281.609  70.8906  274.671
552.361  148.566  46.0114  115.522
780.184  331.5  303.602  328.95
780.237  238.765  307.127  242.331
792.948  347.558  313.039  343.541
732.93  207.513  262.572  208.347
720.954  266.866  250.954  266.106
851.955  348.465  360.545  342.425
807.98  351.989  325.724  347.152
600.869  290.158  115.48  285.869
569.832  284.001  75.0787  277.755
701.375  261.662  232.894  260.014
687.773  266.88  217.104  263.867
580.171  122.704  93.0305  92.3704
666.763  188.239  195.882  180.139
728.059  194.044  257.722  194.653
724.067  298.177  254.048  296.931
876.316  364.418  379.353  355.669
813.786  314.455  333.444  312.809
570.59  225.485  75.7678  208.378
762.74  175.421  290.142  180.394
821.337  368.849  334.436  361.7
686.638  233.596  217.952  229.48
570.653  224.464  77.2495  207.221
647.328  319.149  169.26  318.342
704.7  150.843  235.987  148.012
755.616  297.462  284.565  296.695
683.04  258.075  213.453  254.567
866.722  292.309  381.574  294.039
626.945  281.925  146.656  277.895
705.19  233.48  236.454  230.898
767.236  343.891  290.435  340.867
724.022  158.645  254.605  158.84
793.071  295.752  316.531  295.407
849.521  233.227  368.47  242.069
672.947  288.381  201.33  285.858
735.247  206.239  265.025  206.668
696.21  263.24  227.703  260.681
762.119  217.251  288.463  220.524
888.108  456.71  381.312  434.419
744.408  266.799  275.544  267.302
649.748  159.498  173.345  147.459
835.333  201.476  350.211  211.976
574.754  273.266  81.1554  265.794
767.73  280.277  294.519  280.239
709.377  359.653  233.326  359.375
700.306  260.808  231.61  259.09
688.529  272.189  219.331  269.528
602.662  268.282  119.972  261.018
659.48  322.525  185.193  322.199
657.31  139.821  180.93  128.455
733.847  233.591  264.268  233.283
712.121  240.737  242.473  238.688
662.531  292.626  189.428  290.074
790.197  293.785  312.363  293.304
831.149  396.125  341.741  385.892
785.186  318.453  306.914  317.064
754.932  258.242  281.708  258.457
662.752  269.578  190.77  265.528
778.657  185.827  304.768  192.763
716.937  469.117  233.117  468.495
774.526  284.273  300.772  284.99
689.833  519.151  200.794  525.973
887.825  161.22  387.551  182.733
615.907  262.416  135.603  255.045
782.01  229.956  308.372  233.481
702.208  267.158  233.781  264.969
759.195  267.662  285.356  267.688
656.697  185.707  185.794  176.719
846.573  293.377  359.034  293.86
821.274  276.227  340.897  278.105
806.777  289.91  328.503  290.981
786.864  325.64  309.006  323.171
733.578  211.323  263.18  212.179
824.935  198.254  343.773  208.17
704.611  268.124  235.816  266.021
666.635  290.266  195.417  287.807
827.366  214.712  344.283  223.783
795.141  281.409  319.608  282.164
692.267  241.118  223.155  238.383
785.961  229.083  311.914  232.956
570.425  263.177  85.0461  253.756
684.893  396.044  206.212  398.12
767.235  286.801  294.571  286.498
775.651  329.916  298.884  327.352
786.704  285.006  311.883  286.048
737.001  246.449  268.11  246.94
679.68  366.139  200.142  367.46
588.576  274.273  100.234  267.004
710.547  519.984  224.184  522.747
738.804  207.435  267.928  208.937
796.473  310.368  319.844  309.107
602.881  301.37  116.599  298.554
805.921  374.223  320.549  367.198
843.824  280.593  357.736  282.522
664.58  270.025  191.767  266.761
835.893  217.725  350.95  226.343
734.894  182.983  264.331  183.991
803.648  384.843  321.142  378.584
837.104  193.259  355.058  204.912
924.168  195.36  412.72  215.125
714.991  157.409  246.602  156.929
619.403  253.939  138.105  246.418
667.729  304.595  194.297  302.802
691.036  474.039  205.581  477.977
828.392  241.009  341.113  247.109
802.553  355.566  320.366  350.468
858.511  189.422  369.009  204.407
677.006  272.425  207.846  270.134
692.154  147.651  223.931  143.36
600.869  290.158  117.407  286.059
818.211  263.984  337.619  266.775
715.951  565.72  224.739  567.273
773.412  245.067  300.181  247.018
556.324  309.474  53.4403  307.867
889.764  172.58  388.678  192.373
792.019  280.721  316.342  282.186
896.233  307.349  395.088  306.292
546.888  307.5  40.6718  305.594
711.73  521.571  224.184  522.747
723.946  258.266  253.842  256.906
639.913  314.338  162.403  314.193
765.728  310.572  290.378  308.915
863.558  224.843  376.107  234.728
674.826  287.37  203.416  284.765
671.105  236.512  200.142  231.035
642.724  327.1  162.594  327.702
702.251  274.102  232.971  271.943
609.508  244.135  127.15  234.738
706.399  219.029  238.637  217.23
685.656  242.208  216.146  239.036
747.996  257.94  276.088  257.806
718.07  522.477  230.363  522.122
818.164  327.107  337.241  324.331
743.789  178.478  272.536  180.766
645.851  214.035  176.156  205.549
703.045  248.74  233.896  246.106
707.788  281.626  239.248  279.887
615.396  184.507  135.671  169.081
749.801  291.318  280.528  290.674
781.074  185.095  307.474  192.435
741.628  320.704  269.167  319.052
618.663  275.754  140.114  270.263
704.011  276.877  234.921  275.74
768.866  193.572  295.258  198.078
826.884  371.463  341.101  364.125
823.352  276.859  341.983  278.615
677.586  536.611  185.429  547.135
730.5  159.044  261.395  160.108
697.865  269.418  229.074  266.993
762.682  185.469  289.471  190.64
785.174  260.179  311.822  261.954
714.337  246.148  244.123  245.059
723.136  210.969  253.007  210.835
711.02  287.259  240.875  285.515
741.75  201.04  270.979  203.121
706.389  222.002  238.491  220.244
867.193  322.877  376.894  321.046
730.756  253.75  262.477  253.843
718.837  203.482  248.302  202.07
822.417  261.205  342.289  264.496
783.566  234.627  310.131  237.901
706.204  398.758  228.067  398.692
716.17  216.905  245.62  215.09
696.318  157.5  226.752  153.17
724.277  260.029  255.274  258.735
772.277  290.234  299.501  289.865
720.703  569.766  229.605  570.272
660.832  178.677  188.743  170.09
705.007  165.017  237.069  162.012
613.567  344.638  124.82  346.937
729.515  192.228  259.74  193.181
753.404  221.366  282.042  223.85
782.117  308.846  306.959  307.517
694.971  271.733  227.222  269.338
758.005  216.555  284.378  219.6
667.899  181.747  197.159  174.357
666.315  324.832  191.363  324.209
568.272  132.744  72.0526  100.595
764.71  287.121  291.998  286.626
752.946  203.494  281.596  205.749
813.086  330.853  333.988  328.92
649.697  278.382  179.306  274.705
763.005  181.024  289.328  185.573
688.587  268.238  218.38  266.173
779.375  206.387  305.778  211.136
676.146  339.179  200.304  338.944
544.513  294.232  40.8261  290.601
765.486  183.058  291.895  187.783
661.002  193.878  189.999  185.092
661.344  296.489  188.469  294.141
674.48  330.04  199.6  329.471
656.939  145.587  181.532  134.157
664.325  271.996  192.228  268.041
898.901  306.247  398.421  305.477
724.511  194.698  253.872  195.012
736.061  241.887  267.92  242.534
867.412  307.398  373.441  306.097
618.534  262.143  139.495  254.853
752.948  295.53  282.274  294.653
736.897  206.594  266.559  207.046
712.057  218.579  243.564  216.386
572.709  260.468  80.3204  250.816
682.488  396.208  204.175  398.571
735.472  233.405  266.285  233.121
753.835  175.427  282.43  179.091
638.716  280.866  163.397  276.628
675.832  243.293  205.854  238.489
819.531  330.176  339.106  327.173
676.159  216.227  206.12  211.285
718.395  166.583  249.83  166.579
805.847  284.018  328.281  285.709
753.931  314.372  280.838  312.71
778.576  220.476  305.121  224.202
885.846  268.156  386.202  272.554
680.758  368.589  201.832  370.227
671.289  289.905  199.823  287.316
738.485  186.469  267.926  187.71
726.495  351.901  251.263  350.991
736.35  206.911  265.547  208.288
780.604  333.212  305.242  331.631
668.567  143.353  193.976  134.072
838.82  193.814  353.136  205.402
872.779  370.648  376.35  361.019
547.983  143.701  43.7913  109.115
660.843  149.626  186.445  140.045
720.743  486.021  235.954  484.783
768.82  284.831  295.666  284.475
676.607  160.774  205.292  153.165
684.56  334.205  209.912  333.475
755.758  314.237  282.914  312.6
816.964  384.08  331.374  375.877
595.716  248.966  112.48  239.341
682.075  333.687  207.225  332.987
733.259  191.808  262.858  192.22
758.21  296.735  285.716  295.681
766.407  269.918  293.225  270.104
899.411  325.057  397.72  321.26
706.754  177.333  238.504  175.562
857.94  270.026  367.671  273.394
741.224  329.288  267.09  327.183
728.126  165.285  258.889  165.724
735.51  247.615  265.321  246.964
865.283  268.434  372.469  272.184
560.516  128.598  66.0015  94.1576
680.142  335.993  206.401  335.706
733.925  222.739  264.087  222.461
749.872  264.784  279.294  264.553
599.315  251.285  116.174  241.155
657.76  135.166  182.48  123.46
723.474  174.685  254.827  175.311
772.748  279.565  298.209  279.434
665.429  251.092  192.245  245.721
838.828  226.636  355.858  235.516
595.738  283.121  109.457  278.545
669.008  237.444  198.133  232.834
778.973  256.733  305.439  258.224
698.852  523.098  209.871  528.032
743.701  190.694  272.37  193.477
788.039  248.371  314.07  252.042
699.186  266.277  231.509  264.936
649.87  257.25  174.418  252.337
666.685  515.563  174.28  527.399
835.333  201.476  351.594  212.928
850.643  220.341  365.292  229.708
707.1  211.865  235.979  210.144
687.078  241.513  217.579  238.559
798.365  261.723  324.281  265.107
673.594  145.6  199.088  137.277
774.191  287.393  300.756  287.034
615.472  275.559  136.769  269.834
679.483  346.498  202.619  346.232
771.608  287.444  297.88  286.951
780.296  259.385  307.259  260.816
742.55  221.835  272.976  222.338
570.988  192.738  78.262  171.096
899.431  372.981  397.073  361.981
863.305  356.792  367.87  348.938
746.131  470.221  262.151  464.725
714.969  260.856  245.972  260.113
672.678  366.622  194.216  367.821
616.357  169.325  136.477  152.743
641.741  284.743  167.398  282.149
586.208  362.94  90.6371  370.168
744.457  200.661  273.151  203.186
724.685  263.305  254.547  262.98
842.736  298.739  356.07  298.367
886.199  457.186  381.312  434.419
594.177  332.537  102.578  335.355
837.804  209.355  354.579  218.97
644.07  285.585  170.267  281.967
614.086  274.874  135.399  269.005
671.289  305.605  198.075  303.682
624.461  176.148  150.036  161.476
805.591  321.16  326.061  318.703
610.394  348.154  122.479  352.606
668.751  559.856  174.974  573.773
704.318  163.317  237.424  160.026
816.395  333.737  336.223  330.348
575.608  292.733  81.0423  289.035
609.791  270.47  127.511  263.509
618.214  154.194  151.887  135.577
681.926  273.487  213.634  270.488
769.039  320.837  292.91  318.511
750.334  261.473  279.854  261.305
602.256  270.022  118.829  263.907
682.589  135.033  218.381  127.456
643.963  143.195  166.788  130.213
615.077  282.252  136.043  278.576
812.949  379.901  327.935  373.402
718.703  529.041  230.406  529.7
737.816  241.686  267.796  242.482
837.427  299.761  353.629  299.406
663.143  296.298  190.551  293.836
809.978  377.541  325.533  371.405
772.628  186.462  298.821  191.673
894.254  373.024  392.711  362.103
712.415  141.246  243.81  140.827
739.583  305.858  271.585  304.793
728.694  284.394  254.896  282.53
762.446  171.44  289.508  176.334
896.508  325.975  395.862  322.008
841.722  368.121  351.148  359.843
656.906  183.569  185.666  174.758
766.476  197.223  292.507  202.315
764.251  308.803  287.983  306.859
886.431  184.239  390.105  201.628
748.288  466.681  264.099  460.758
853.49  258.956  361.404  264.483
766.331  275.315  292.903  275.137
603.131  172.635  122.516  153.882
648.251  137.011  171.498  124.647
798.564  178.145  322.32  186.999
713.07  232.42  243.464  231.426
666.91  158.592  192.538  149.266
762.803  287.991  290.402  287.271
707.594  257.537  239.813  255.223
640.489  272.666  165.135  268.799
618.409  331.971  140.476  335.438
881.105  364.181  382.008  354.81
776.003  335.53  299.943  332.576
843.041  373.818  352.65  366.284
725.724  218.169  255.809  218.396
582.249  207.25  93.5802  188.464
635.436  281.526  160.419  277.194
690.714  345.012  215.873  344.393
745.688  470.709  261.694  466.577
586.668  374.349  86.6499  383.692
671.792  268.859  201.858  265.028
775.532  245.869  301.934  247.662
682.021  293.692  210.791  291.316
812.883  367.152  331.04  360.915
760.176  174.195  288.277  178.589
755.102  174.515  283.73  178.229
676.384  287.537  205.772  284.831
833.912  210.76  353.166  219.88
620.886  501.75  124.1  523.86
615.49  168.839  134.908  152.158
735.889  189.294  265.515  189.964
665.827  315.057  191.437  313.624
743.711  474.571  259.419  469.26
849.599  349.487  359.771  343.237
766.187  234.201  292.97  237.291
839.615  367.337  350.177  359.314
821.167  279.855  339.711  280.984
601.798  165.369  119.443  145.654
674.603  246.487  204.503  241.563
740.605  214.538  270.555  214.959
743.275  461.941  259.611  456.821
729.164  188.418  258.528  189.635
545.163  289.176  40.8462  283
846.249  414.424  351.508  400.477
708.161  242.132  239.672  239.556
583.054  214.46  94.9364  198.234
803.919  286.522  328.291  286.96
645.905  338.305  165.648  338.691
655.678  277.292  186.636  273.598
650.887  264.142  177.689  260.154
678.495  294.856  206.714  292.401
900.936  300.649  399.349  300.477
719.996  213.198  249.237  211.559
901.872  423.144  394.134  405.153
664.985  447.137  180.658  454.455
764.559  357.352  287.829  355.029
801.877  321.488  323.264  318.995
596.555  284.486  107.919  279.958
722.7  225.634  253.498  224.175
870.423  333.581  376.062  328.747
758.692  265.758  286.972  265.696
779.106  187.185  305.503  194.408
764.572  288.777  292.159  288.022
875.263  308.688  377.571  306.81
666.227  295.034  193.921  292.44
687.69  245.026  218.838  242.414
787.655  178.49  312.154  185.962
815.555  367.694  332.147  361.021
676.917  340.832  201.317  340.477
800.197  177.212  323.923  186.27
680.302  143.005  204.875  137.269
682.643  262.826  213.295  259.155
676.904  245.014  207.085  240.161
572.902  176.26  80.9622  151.041
656.721  246.318  182.779  239.864
810.447  360.954  326.871  354.815
777.961  298.844  303.581  297.783
718.011  164.569  250.036  164.74
723.31  256.834  253.66  256.626
736.4  223.785  266.054  223.513
804  321.142  325.063  318.63
783.217  296.88  305.311  297.087
665.626  186.746  194.545  178.038
765.141  220.185  291.174  223.938
762.171  168.789  289.266  173.708
718.005  143.168  249.847  143.757
869.697  307.317  376.311  305.935
639.523  292.372  164.303  289.105
847.599  364.041  355.152  357.192
772.002  269.949  298.699  271.664
647.342  198.937  176.898  189.787
637.698  277.569  160.593  274.012
745.155  226.48  274.705  228.353
648.568  258.493  173.517  253.819
746.726  184.112  275.867  186.234
814.462  386.082  329.55  379.233
712.141  238.282  241.81  235.816
661.111  555.169  165.921  570.495
716.119  136.868  246.363  137.38
667.996  513.434  176.554  523.668
626.035  280.36  145.261  274.988
608.012  243.022  126.85  233.757
882.749  294.157  384.727  294.524
599.992  277.143  116.154  270.644
767.811  174.229  294.114  179.527
660.77  150.922  185.316  141.671
895.309  171.81  392.239  193.473
778.908  260.164  305.336  261.254
660.64  184.294  190.084  176.201
688.64  234.173  220.505  229.857
691.274  346.981  216.381  346.306
809.869  288.721  333.221  289.034
762.162  311.406  287.701  309.453
866.403  271.622  374.904  274.907
652.889  269.902  178.851  264.911
656.164  323.724  177.651  322.471
650.944  202.987  180.817  194.641
862.055  320.426  372.206  317.587
797.596  266.496  321.599  267.978
593.98  283.555  109.209  277.904
687.749  332.531  213.38  331.39
735.448  183.282  264.99  185.533
738.59  226.51  268.62  226.319
620.333  249.454  138.542  241.823
553.322  143.201  50.1646  110.295
805.111  384.666  328.062  378.308
777.095  331.427  300.97  330.087
794.134  279.191  317.957  281.166
698.059  211.732  230.24  209.346
763.92  270.005  290.16  269.757
775.805  276.135  303.931  276.331
788.564  341.334  309.199  337.329
766.559  341.041  289.279  337.59
833.14  368.689  346.511  360.998
827.918  362.862  342.652  355.994
724.258  286.043  255.283  284.42
882.948  265.153  384.341  269.622
728.535  228.537  259.55  229.064
825.006  206.09  345.498  214.796
658.202  151.145  181.609  141.535
818.755  265.055  339.291  267.487
717.795  257.471  247.421  255.361
689.167  473.327  203.796  477.22
864.934  226.968  375.131  236.187
813.732  252.405  327.086  256.771
792.729  197.521  316.06  205.511
802.38  228.773  324.025  234.985
799.446  193.107  320.204  200.533
772.667  184.799  298.96  189.933
875.127  157.13  378.608  177.413
897.907  341.637  395.53  334.957
649.515  208.905  178.877  199.207
757.484  260.295  284.238  260.131
664.378  271.569  193.857  267.413
607.605  202.179  126.73  186.227
675.482  286.147  204.889  283.19
579.334  280.102  86.0906  274.407
611.296  326.712  125.783  326.939
708.629  249.787  239.407  247.138
608.85  365.027  120.019  370.603
864.265  362.29  369.03  353.571
725.667  221.207  255.566  219.905
821.279  226.166  341.529  232.446
598.917  123.811  113.201  97.7938
721.249  211.195  250.671  211.234
791.769  208.326  314.919  215.367
633.727  293.863  150.71  291.269
645.233  160.761  169.056  149.115
837.42  325.156  354.023  322.095
798.259  340.212  317.487  335.97
738.042  292.645  268.711  291.278
670.864  486.506  183.422  494.907
578.391  281.746  87.4969  274.991
719.973  528.478  231.967  529.175
627.678  278.285  148.581  272.804
760.746  293.747  284.669  292.12
801.791  198.166  324.012  207.048
611.546  255.601  129.112  248.197
735.238  507.922  248.068  505.065
600.485  298.304  113.701  294.558
876.448  375.542  378.982  366.49
670.293  246.595  200.818  241.254
758.263  282.536  284.991  281.547
691.999  145.857  223.409  141.989
664.088  180.376  193.304  172.726
781.635  190.194  308.205  197.64
705.525  171.562  237.104  169.948
739.851  193.291  269.606  194.12
769.672  280.974  296.568  280.496
826.048  199.862  344.682  209.234
659.944  192.763  188.822  183.396
777.676  292.9  304.494  293.857
740.524  225.841  270.27  225.745
739.957  470.268  254.876  465.021
663.925  196.02  192.956  187.356
754.905  227.124  281.37  229.802
675.43  203.909  204.055  197.04
785.012  209.393  306.999  213.974
700.327  259.62  232.24  256.694
639.728  359.624  156.964  362.075
709.741  499.473  223.242  499.976
779.64  181.969  304.533  188.06
727.457  301.218  256.309  299.339
603.867  179.752  124.568  160.403
731.095  193.245  261.584  193.019
719.377  263.768  248.582  261.639
668.131  246.288  197.782  240.689
649.449  263.79  173.532  257.884
624.352  269.385  145.206  262.759
587.363  154.132  101.377  130.256
762.637  280.796  289.702  280.038
764.104  290.799  291.943  289.795
641.868  274.451  166.784  271.07
671.384  140.707  197.028  131.53
599.199  280.714  113.151  276.136
765.557  237.578  291.671  238.841
683.077  229.628  212.533  226.224
859.793  224.659  370.778  233.725
723.942  146.969  255.056  146.884
756.35  172.194  284.577  175.96
774.863  243.553  301.086  245.176
601.999  274.48  117.931  269.234
816.964  384.08  332.497  377.566
672.017  246.42  203.252  241.184
606.974  170.338  125.704  150.594
832.819  230.944  350.347  239.239
626.675  176.58  148.783  160.982
718.911  181.36  249.653  179.805
582.299  206.32  92.4385  187.146
604.461  155.422  121.669  135.467
588.817  124.757  100.297  96.2332
781.296  339.411  303.761  335.739
753.931  314.372  282.914  312.6
786.131  186.167  309.632  194.464
668.038  172.925  198.942  165.601
624.626  170.177  147.766  155.421
703.276  255.812  234.761  252.89
738.04  230.213  266.228  229.668
610.108  253.155  128.012  245.457
684.877  338.811  210.297  337.936
675.594  227.878  207.15  223.841
681.564  366.089  201.802  367.739
652.411  283.38  176.905  279.149
666.386  182.719  193.885  173.789
704.741  218.769  236.759  217.287
771.559  338.717  294.29  335.177
735.13  244.637  266.616  243.739
691.134  271.661  221.44  268.465
779.116  173.774  301.349  180.385
611.742  335.455  128.034  337.211
765.953  190.688  292.476  196.412
742.348  174.775  272.179  176.516
718.344  253.683  249.277  251.573
659.912  146.947  184.834  137.55
661.941  167.382  187.003  157.217
726.002  226.072  254.864  224.587
785.12  235.663  311.595  238.506
692.839  283.591  223.208  280.879
661.355  154.824  188.31  143.983
671.449  345.84  196.236  345.985
819.647  276.913  338.806  278.041
706.913  284.905  237.491  282.605
719.358  133.745  252.085  133.056
888.045  295.148  389.181  295.303
733.054  292.472  261.292  290.579
773.356  199.757  300.06  203.858
832.45  193.86  346.946  206.275
674.618  248.24  203.99  243.093
657.393  142.394  181.762  132.399
801.001  174.092  324.256  185.197
759.902  332.181  283.706  329.098
621.036  189.056  141.661  173.605
703.126  176.599  235.474  174.722
817.378  368.388  332.147  361.021
847.896  416.941  351.58  402.026
841.762  235.71  359.685  244.248
860.169  426.06  361.657  409.218
807.317  220.65  328.394  226.18
764.99  259.819  291.654  259.931
668.197  250.777  198.754  245.414
813.81  192.484  335.015  201.316
660.191  148.468  185.006  139.231
710.458  485.855  225.267  485.966
679.195  395.24  201.02  397.471
572.2  283.465  76.0985  276.25
617.905  171.928  140.736  156.151
785.929  257.056  312.613  258.528
612.784  288.217  130.818  285.353
662.318  345.655  188.06  346.524
830.206  286.706  348.029  287.187
827.706  350.541  341.975  344.479
600.952  150.503  119.292  129.194
582.014  222.909  88.8847  208.082
824.471  293.545  341.707  293.072
685.021  336.591  210.163  335.452
738.823  210.313  268.895  210.354
602.316  290.942  115.48  285.869
906.663  375.376  400.155  362.895
714.875  137.068  248.851  135.345
573.492  272.221  79.8252  265.197
794.507  308.997  317.752  307.135
844.473  293.912  353.387  293.202
737.485  208.565  267.392  208.496
769.505  290.576  297.005  289.566
853.154  339.789  361.642  334.017
609.331  363.902  120.733  369.081
765.354  236.02  291.419  237.206
866.982  333.273  372.931  328.118
645.026  262.905  171.561  258.874
572.434  224.528  79.3893  208.888
816.681  215.735  340.486  222.585
611.508  265.653  129.271  257.681
831.877  229.227  349.438  237.771
672.896  305.377  200.271  303.077
873.493  399.394  375.504  387.493
577.052  130.443  85.4651  99.4142
609.031  327.993  122.582  328.171
863.907  179.989  369.615  195.36
673.625  299.881  199.821  299.169
731.483  291.84  258.489  289.666
712.126  257.738  243.522  255.208
830.701  204.959  350.372  214.051
770.86  174.184  297.007  179.567
779.44  237.224  305.854  241.519
676.298  295.376  204.72  292.598
790.116  257.962  317.143  259.591
714.127  148.039  244.884  148.264
679.632  333.577  204.386  332.368
696.083  211.291  228.031  208.946
720.014  177.692  250.107  178.312
805.964  285.57  328.339  285.576
642.182  313.532  165.03  311.782
779.996  240.06  306.75  244.248
785.308  173.004  309.65  180.273
771.988  276.268  298.318  277.982
601.32  268.718  117.951  262.853
802.139  178.812  324.972  187.59
609.435  325.545  124.614  325.615
734.222  186.565  263.986  186.707
589.364  363.449  95.4219  370.185
754.045  342.436  277.737  339.015
686.323  333.71  212.46  332.472
583.543  248.114  94.9977  237.742
641.114  327.128  159.492  328.204
899.629  308.105  398.766  306.43
818.734  199.518  339.807  208.029
768.05  268.256  294.675  268.028
858.275  217.372  371.808  227.185
602.316  290.942  117.407  286.059
804.358  316.058  327.999  313.892
814.612  242.22  334.652  246.159
726.474  300.4  255.125  298.25
826.227  294.066  344.948  293.67
739.854  182.143  269.45  183.101
704.448  524.708  216.891  529.519
740.175  318.435  265.954  315.864
884.167  458.194  379.523  437.218
603.126  297.964  117.26  293.963
775.131  173.397  302.101  179.293
802.622  192.996  323.914  200.463
754.212  187.846  280.739  192.56
552.26  175.184  50.1215  147.668
795.542  265.946  321.69  267.197
756.769  236.716  283.285  239.399
734.36  208.895  262.572  208.347
896.591  268.159  396.382  272.484
765.833  291.303  293.337  290.037
552.255  145.13  48.5041  112.654
711.451  259.884  242.602  259.514
706.171  217.047  238.149  215.914
733.822  280.634  259.735  278.425
803.648  384.843  322.848  377.363
789.811  341.312  313.601  337.474
663.677  289.049  188.484  285.196
683.817  228.761  214.597  225.709
723.442  288.562  253.952  286.509
695.66  229.213  227.256  227.264
734.655  211.422  264.894  210.869
713.381  181.827  244.642  179.266
801.66  203.642  323.894  212.341
738.523  231.32  269.359  230.667
751.058  255.347  278.538  257.025
791.669  316.928  318.188  314.847
642.522  298.498  166.292  295.256
792.216  321.007  315.229  320.541
747.821  193.856  275.367  197.59
663.95  260.506  193.649  257.592
895.285  212.983  397.084  226.016
640.689  352.885  159.985  354.654
616.944  271.859  138.285  265.086
695.875  179.587  227.995  176.899
787.743  175.348  312.228  182.62
903.564  170.216  399.195  193.417
721.886  297.031  250.396  294.716
871.471  177.279  376.607  193.699
601.875  271.67  117.759  266.282
891.712  158.231  389.33  179.886
753.357  263.402  279.97  262.52
666.685  515.563  175.898  526.223
740.745  468.536  256.79  463.197
792.794  199.27  316.068  207.501
725.521  223.814  255.026  222.091
661.916  169.378  188.088  158.983
637.631  179.755  159.039  166.018
681.794  332.333  207.465  330.995
686.413  243.011  217.428  240.719
857.336  210.41  367.16  220.817
851.472  339.718  361.642  334.017
705.017  163.387  236.777  162.066
849.309  380.916  358.427  373.06
682.097  266.949  212.79  262.949
641.591  294.617  166.473  291.104
920.957  275.219  415.48  279.231
823.828  219.324  340.622  225.989
713.564  205.782  243.287  205.441
805.027  318.31  328.563  315.858
771.727  276.764  298.453  276.176
608.333  179.251  127.193  160.403
822.282  218.732  342.48  225.445
637.49  279.437  161.494  274.219
708.806  220.337  240.986  217.117
643.023  300.146  167.502  297.093
680.803  364.728  200.223  366.499
783.642  278.169  309.57  280.419
852.419  174.757  361.919  189.462
737  280.195  265.723  280.808
663.089  254.811  192.136  251.503
783.46  240.825  310.462  245.422
746.396  243.355  274.765  242.757
808.96  376.02  326.513  368.515
659.896  327.812  184.172  326.749
833.195  287.609  350.05  287.754
641.687  266.853  166.359  260.558
784.956  169.623  309.241  176.917
618.913  275.325  139.048  268.802
814.743  249.552  334.385  252.62
691.06  270.392  221.862  266.84
789.702  279.553  317.545  279.639
664.936  166.114  190.711  156.027
815.889  327.042  336.149  323.555
740.722  317.273  278.464  318.947
908.327  324.28  404.052  319.76
686.175  335.989  212.557  334.697
631.988  150.719  157.869  133.486
640.125  276.576  165.028  273.773
864.06  229.59  374.061  237.876
723.59  283.549  255.042  281.435
798.68  173.563  321.991  182.178
751.493  228.131  277.404  228.284
785.864  175.156  310.438  182.08
563.922  174.924  71.5738  149.555
832.229  203.972  349.121  215.605
653.402  240.984  181.562  233.448
796.045  280.789  321.565  280.797
614.694  238.733  132.138  227.323
743.797  277.975  268.943  275.934
786.967  362.925  309.079  360.232
847.717  217.94  370.148  226.907
637.985  355.224  156.093  357.092
669.664  316.112  193.142  316.334
755.532  349.595  279.245  345.731
614.624  268.847  133.132  261.17
702.942  260.123  233.919  259.472
707.857  241.078  239.142  237.805
718.395  166.583  250.036  164.74
781.248  341.273  303.384  337.023
768.119  234.012  294.563  237.909
600.28  260.489  116.475  253.597
675.357  161.837  205.292  153.165
820.647  287.466  340.521  287.35
917.981  286.564  413.073  288.423
682.956  336.709  208.686  335.422
623.983  296.331  143.523  292.267
657.762  144.3  181.702  132.168
769.635  370.504  290.849  367.868
553.747  144.903  50.1646  110.295
688.11  167.393  219.733  163.578
795.102  312.23  317.932  309.773
682.752  333.316  208.792  331.879
636.297  286.119  164.163  281.92
904.467  373.868  398.58  361.335
619.97  166.153  139.781  150.802
899.847  290.298  400.317  291.199
651.685  268.148  176.823  265.054
848.963  414.597  354.804  399.954
657.78  134.82  180.839  122.407
618.14  266.685  139.115  259.029
662.308  251.038  191  247.562
658.539  248.887  188.129  245.09
863.561  231.575  372.648  239.412
670.515  165.134  197.467  155.797
679.258  218.285  208.979  214.649
893.65  158.24  389.33  179.886
756.6  163.608  286.554  170.143
658.451  161.153  184.109  149.614
778.778  189.946  304.968  197.654
801.417  205.642  326.192  211.63
881.595  292.637  386.694  295.679
738.938  247.828  269.743  246.589
683.598  280.468  214.062  276.9
753.284  203.44  281.617  207.631
791.997  185.264  316.537  191.958
600.918  342.427  112.195  344.76
862.904  180.934  368.954  198.542
669.314  245.656  199.222  239.559
784.249  230.869  311.458  236.375
678.949  273.957  210.81  270.053
900.424  302.792  399.462  304.501
623.778  162.082  150.035  146.807
596.681  168.502  114.723  148.825
690.941  242.154  222.533  240.464
873.717  309.407  377.571  306.81
762.894  143.78  288.784  149.687
759.602  292.054  287.263  290.265
783.539  341.229  306.258  336.923
723.873  198.762  252.541  199.912
846.665  411.21  350.842  396.516
670.552  161.623  196.255  152.182
864.747  182.645  371.11  197.28
681.338  144.692  212.608  139.487
709.124  222.834  232.049  219.054
818.719  196.275  338.868  204.688
673.639  567.797  179.948  579.811
615.454  265.34  134.878  257.158
644.847  153.105  168.219  138.656
572.2  283.465  77.9185  275.965
582.071  194.618  92.21  176.075
844.433  411.828  351.006  397.649
638.99  274.868  164.872  272.188
820.77  198.344  340.707  206.725
639.739  315.946  162.424  314.044
867.867  174.131  370.66  190.295
687.24  236.531  218.497  234.433
721.896  226.03  251.778  223.624
731.447  469.848  248.45  465.898
861.416  233.268  370.569  240.582
581.235  209.032  92.8341  192.559
636.671  350.432  148.676  353.431
677.038  337.446  200.304  338.944
548.185  145.425  44.6704  112.14
702.555  130.649  234.023  129.479
641.098  161.077  165.324  149.359
822.426  299.246  341.254  297.801
805.364  196.424  325.837  203.401
705.659  256.14  237.339  252.717
676.579  364.768  200.78  365.105
861.769  216.045  370.068  225.638
737.819  210.742  266.857  210.073
780.177  255.948  306.999  256.562
716.204  258.027  248.102  255.233
732.271  215.876  262.139  217.708
845.263  288.556  356.571  291.376
859.899  217.865  371.808  227.185
541.78  277.788  37.1998  271.184
620.415  246.175  138.997  239.027
666.713  311.663  191.017  312.058
790.244  172.956  315.663  180.28
752.089  205.19  280.553  209.364
631.337  253.283  149.883  244.339
695.434  162.809  227.429  160.366
642.931  319.038  164.814  317.092
636.36  297.842  161.229  294.29
569.685  191.184  75.5784  170.133
699.914  262.707  232.335  259.121
680.955  260.365  210.824  255.514
650.147  165.347  173.016  155.699
806.797  194.503  327.178  201.738
620.935  181.918  141.292  165.118
772.742  265.74  299.451  268.615
657.453  145.602  179.74  133.29
647.193  132.633  171.053  120.793
811.249  329.639  329.983  325.305
701.505  149.401  234.036  147.959
597.99  283.852  111.176  280.422
636.254  315.681  158.992  313.756
753.925  174.355  282.414  176.917
896.209  158.584  392.352  180.189
597.672  122.717  111.605  95.4322
817.695  193.652  337.689  202.052
677.76  280.223  205.377  279.302
786.877  185.111  316.201  194.364
640.599  271.058  165.124  268.079
619.753  273.637  137.76  266.272
772.557  220.79  299.588  226.176
761.422  277.957  288.269  276.423
674.753  394.339  197.51  396.565
619.048  195.454  140.519  179.566
682.939  328.094  208.432  325.933
569.015  212.399  74.5927  194.88
890.621  206.113  388.858  219.193
591.486  370.51  96.0086  377.1
593.915  369.479  99.7903  375.836
751.937  262.717  280.511  264.853
596.233  263.207  113.672  257.062
661.666  244.48  189.819  240.825
902.629  222.797  404.206  237.732
746.724  287.83  277.278  285.849
727.543  225.137  256.982  223.025
631.509  315.014  154.573  313.179
822.043  237.112  341.922  241.423
596.469  264.28  114.963  258.458
725.24  254.278  254.839  255.183
850.434  366.787  356.505  360.419
632.763  285.281  149.955  279.226
764.858  233.209  290.994  233.757
591.373  121.553  104.882  92.2585
853.545  419.135  356.072  402.695
772.912  252.617  299.374  256.31
875.324  273.657  377.417  275.54
887.926  157.094  386.777  177.896
697.782  217.645  226.193  216.219
881.904  378.085  381.115  365.396
777.433  279.672  304.148  282.219
718.31  525.269  230.373  523.387
772.511  166.135  298.818  171.52
764.312  228.242  290.835  232.61
770.15  170.361  296.375  175.145
827.198  220.796  344.619  227.006
618.998  280.719  136.591  274.015
637.953  272.439  163.89  269.801
871.7  259.023  373.514  266.371
629.713  274.101  151.123  267.26
670.71  172.385  198.402  162.84
593.786  256.564  110.988  249.355
641.737  322.182  163.918  320.448
612.597  333.068  126.531  332.97
721.511  285.562  253.255  282.896
738.485  186.469  268.937  186.377
779.027  197.75  305.398  205.377
820.998  190.623  340.382  199.494
738.188  291.837  269.473  289.525
663.664  121.334  188.346  109.219
717.658  228.086  246.183  224.895
857.027  312.133  367.275  309.038
671.909  144.941  197.381  134.968
793.555  173.725  318.743  181.107
728.154  288.001  258.082  285.256
897.737  269.992  397.316  273.313
577.418  364.711  77.0424  375.132
730.762  472.312  247.538  468.019
898.221  294.189  396.327  293.605
650.884  249.976  175.343  245.946
660.809  233.448  190.91  229.367
864.573  226.143  375.471  234.329
724.054  190.436  252.69  192.248
597.202  301.109  111.512  296.964
760.492  329.803  283.595  325.661
647.614  163.495  171.991  149.608
688.75  165.981  219.449  158.939
655.745  283.933  182.729  279.024
780.973  197.302  307.536  205.304
695.434  164.563  227.596  162.522
757.341  268.307  282.767  270.553
688.435  142.077  220.551  138.649
874.385  384.559  380.545  376.298
779.329  208.228  305.792  215.365
688.314  238.202  218.714  232.624
779.516  183.988  305.537  188.747
706.496  250.973  238.281  247.053
632.59  294.648  160.849  290.82
670.358  167.754  196.58  157.849
676.176  138.659  202.527  129.168
861.698  235.798  370.125  242.229
789.422  268.598  312.737  272.296
767.893  265.327  294.56  264.25
611.382  369.987  116.897  377.428
851.419  385.259  359.819  377.658
798.779  170.818  321.809  178.928
649.237  262.131  176.599  259.356
544.611  290.841  40.0277  283.618
645.085  256.352  171.593  252.821
583.887  181.105  94.4282  157.312
688.208  172.612  220.08  169.661
542.982  271.187  39.6953  263.666
665.626  186.746  193.865  176.638
620.565  300.386  138.381  295.83
609.307  331.221  122.745  330.713
745.283  284.567  276.708  282.282
643.656  253.426  169.257  249.533
790.5  170.015  315.983  177.065
620.844  179.376  140.358  166.157
874.341  372.128  408.273  370.571
813.228  250.693  333.118  252.684
614.66  273.8  132.114  265.802
711.375  142.992  242.759  143.909
676.146  339.179  201.122  337.379
614.603  182.434  134.22  164.065
597.9  273.007  106.29  267.92
894.411  147.085  391.925  169.941
758.031  334.88  280.781  330.307
659.422  156.454  184.919  148.559
727.496  470.512  245.511  466.833
613.05  345.852  126.994  347.184
598.587  148.582  112.224  123.695
757.275  331.067  280.083  326.567
865.562  357.698  369.359  347.93
781.457  329.851  300.564  324.751
826.473  193.498  347.344  202.236
762.883  202.867  285.822  208.833
633.617  260.585  158.778  256.936
821.025  194.112  341.208  202.202
668.912  410.806  189.803  414.077
609.941  176.333  129.254  160.97
745.997  329.592  269.565  325.282
618.188  158.212  136.826  142.806
768.628  164.117  297.362  173.183
646.302  253.169  172.774  249.632
827.045  191.735  346.26  200.651
810.569  293.559  330.668  291.588
823.5  278.954  341.983  278.615
673.69  287.403  204.889  283.19
749.958  289.014  278.88  286.316
688.859  279.909  221.458  275.786
616.648  510.109  117.848  532.466
592.433  376.02  90.3005  385.724
674.475  212.992  203.476  204.872
760.67  312.859  287.701  309.453
812.87  205.423  330.079  211.412
778.908  260.164  305.388  259.654
924.353  360.055  413.829  348.164
651.952  344.164  178.033  344.316
705.895  226.836  235.372  222.152
606.965  330.55  121.644  330.155
696.864  141.001  227.527  134.817
638.111  285.537  163.531  279.954
568.147  371.624  64.6392  379.954
812.605  181.506  334.155  189.882
738.312  326.384  263.364  322.313
863.948  167.78  366.812  183.584
765.915  205.932  291.99  212.248
609.321  334.206  124.277  334.174
818.612  330.834  337.863  325.759
791.185  262.578  316.102  262.395
681.176  323.316  206.75  325.165
721.223  235.175  252.556  231.797
626.138  239.277  142.777  232.591
583.054  214.46  94.5972  200.009
859.491  218.244  373.755  226.696
694.145  385.582  216.311  389.239
828.766  294.542  344.994  292.53
726.38  225.489  254.582  222.469
816.937  188.63  338.93  196.673
666.76  292.235  197.357  288.024
684.199  236.909  214.695  235.512
587.225  141.548  99.3416  112.851
777.251  170.327  303.361  175.321
724.237  225.412  254.474  222.24
733.263  248.589  260.616  245.61
691.274  346.981  215.873  344.393
600.566  260.792  117.684  255.251
605.192  162.832  125.741  145.231
779.931  200.163  306.146  208.44
668.816  350.444  193.79  349.473
784.956  204.024  312.152  212.576
657.858  348.58  179.979  347.606
897.348  146.032  393.627  168.992
645.96  247.81  172.23  244.12
612.416  303.615  134.546  299.887
708.403  149.294  241.949  149.997
640.156  159.411  164.837  148.502
754.112  239.176  285.569  238.033
599.789  263.631  116.387  258.576
678.567  228.017  207.343  220.535
643.624  131.82  167.736  120.161
590.441  295.021  104.984  289.344
704.395  179.341  236.636  179.401
763.689  292.678  291.943  289.795
782.766  188.067  312.517  197.686
618.784  302.873  142.885  299.054
674.259  222.215  203.646  214.051
774.396  331.488  299.991  326.827
898.163  325.787  396.505  319.59
793.682  271.314  317.098  270.189
612.39  340.39  127.137  340.565
570.159  386.496  63.7519  402.215
857.84  191.122  370.683  202.579
820.833  188.119  340.834  196.236
643.665  251.246  169.953  247.931
735.996  287.124  258.491  282.761
860.139  317.59  370.672  312.969
847.428  412.754  350.078  396.089
814.179  225.489  333.266  234.927
622.608  351.817  135.975  358.096
875.936  179.967  377.691  194.681
724.183  209.28  253.774  205.915
570.445  208.248  77.5992  191.434
616.237  350.449  129.168  351.159
872.886  401.345  375.055  391.177
894.411  147.085  391.925  169.941