1187
793.35  258.721  317.825  261.558
631.734  163.65  155.878  149.034
738.478  213.571  268.187  214.271
719.452  236.174  250.083  235.467
770.725  278.054  296.318  278.642
674.893  536.908  179.671  548.33
552.699  134.59  50.8117  98.5249
680.559  291.267  208.005  290.067
655.119  192.04  181.961  182.907
588.517  171.736  101.19  149.962
859.619  232.526  371.08  240.705
700.178  258.202  230.697  256.866
814.036  369.489  330.555  364.338
750.393  185.695  279.274  188.141
819.628  197.525  338.455  205.902
737.752  206.141  267.234  206.778
725.544  138.038  256.653  138.462
731.017  195.815  261.578  196.138
557.38  283.874  54.5311  277.066
674.147  160.25  200.82  151.444
845.739  243.56  360.986  250.079
779.772  251.566  306.274  254.209
804.232  310.781  324.478  309.949
604.433  223.304  119.691  210.365
784.065  176.754  308.822  183.178
606.851  148.163  122.972  126.375
620.432  237.953  142.38  229.846
731.597  263.132  262.27  263.487
657.719  193.689  187.946  186.168
765.508  231.169  293.34  233.631
748.717  200.529  278.205  202.623
768.689  252.783  295.267  254.35
779.138  228.746  305.597  232.289
600.429  267.853  114.967  261.359
726.359  142.634  257.562  143.129
680.828  281.084  208.175  279.213
764.544  185.394  292.555  189.613
616.885  159.965  138.289  142.477
750.693  187.644  279.519  190.019
725.869  216.791  255.752  216.173
864.3  461.578  366.332  443.802
772.61  202.954  300.071  207.235
707.157  252.225  237.78  251.113
795.698  174.973  320.028  183.229
586.122  269.452  96.3452  262.362
732.749  194.641  263.221  195.234
674.776  256.77  203.712  253.843
687.202  204.037  217.648  199.83
671.556  166.595  198.11  157.58
748.789  278.887  277.161  279.346
758.082  176.407  287.371  180.363
625.649  252.218  146.902  245.399
589.647  218.708  101.875  203.942
641.489  315.844  162.888  316.14
698.996  141.65  230.959  137.809
736.421  224.091  267.043  224.926
842.943  213.806  357.696  222.659
591.41  139.607  108.03  115.066
540.48  215.068  33.4954  192.607
579.256  261.815  87.8576  253.355
638.392  242.991  164.988  237.556
638.371  250.567  162.227  244.531
612.692  261.934  133.383  256.552
703.942  152.682  233.123  148.957
728.358  217.292  258.372  217.136
882.691  219.098  388.775  230.622
676.897  231.722  206.814  227.697
611.794  147.31  129.113  126.517
748.559  262.365  276.768  262.933
714.983  236.353  246.806  235.671
801.518  201.367  322.761  207.449
772.827  222.735  299.433  226.029
738.304  201.084  268.053  201.816
757.451  249.63  285.629  251.101
737.144  300.42  264.167  299.619
644.152  164.364  169.131  151.604
719.82  255.158  249.702  254.308
765.684  258.654  292.251  259.952
649.406  251.703  177.536  247.614
805.325  196.446  325.674  203.128
617.037  163.368  138.213  146.268
601.74  177.626  118.839  159.1
593.073  157.305  106.843  134.177
698.21  228.348  230.228  226.302
736.905  212.575  266.539  212.934
744.901  194.684  274.275  196.498
865.919  194.461  377.968  208.525
624.025  176.153  142.108  159.539
624.968  282.38  143.717  278.202
785.823  180.038  311.323  186.995
815.133  272.015  334.837  274.098
734.969  248.638  266.432  249.345
744.446  281.026  266.907  278.82
765.774  254.22  292.451  255.736
703.96  162.995  234.766  159.994
568.962  268.259  75.0478  260.639
730.494  213.662  260.161  213.663
781.048  183.99  307.431  190.293
662.162  248.044  190.773  243.965
687.99  165.99  216.169  159.552
719.826  134.457  251.456  133.936
599.006  266.503  114.408  260.528
766.985  251.929  293.666  253.253
640.755  250.164  165.023  244.172
711.816  133.664  243.214  132.051
655.537  247.892  184.231  243.691
755.414  176.153  284.568  179.954
680.179  282.993  207.921  281.589
740.513  218.119  270.385  218.837
725.725  139.776  256.941  140.046
667.169  432.041  182.109  438.554
664.993  164.922  191.198  155.177
736.8  238.916  265.263  238.965
597.462  281.022  107.455  275.052
733.895  304.839  260.994  303.956
639.865  166.509  165.409  153.736
644.088  260.854  167.925  256.177
686.219  208.891  216.447  204.856
743.343  228.287  273.216  229.15
772.251  250.243  298.97  252.549
594.234  242.316  107.68  231.867
757.069  177.267  285.704  181.118
633.582  165.447  158.446  151.216
636.129  506.18  137.813  524.248
729.514  153.245  262.232  154.894
741.022  300.143  268.905  299.705
774.832  258.615  301.372  260.304
670.494  244.407  200.496  241.308
552.065  210.166  47.7421  187.664
735.292  160.067  266.263  161.917
662.278  259.666  189.823  255.979
571.24  269.586  76.9598  262.248
727.961  235.108  258.586  234.807
569.717  238.116  74.9774  223.986
634.919  243.268  159.268  237.043
692.445  157.988  223.051  153.285
672.908  151.753  200.036  142.336
684.042  203.386  214.405  199.033
834.971  353.476  347.56  348.062
870.155  402.177  375.24  390.827
852.975  227.528  366.877  236.475
768.391  256.772  294.945  257.944
727.114  136.633  258.043  137.577
761.883  295.543  288.241  295.254
794.817  193.396  319.758  200.782
779.396  249.92  305.899  252.339
687.418  206.074  217.918  201.642
768.532  260.164  295.087  261.239
737.84  207.95  267.647  208.958
674.568  254.099  205.001  251.415
610.85  246.065  126.743  236.779
737.13  154.009  267.787  156.207
599.268  155.825  114.055  133.899
731.278  152.967  261.868  154.214
757.718  263.885  284.527  264.098
662.446  161.956  188.396  151.732
758.924  233.922  286.644  235.312
737.53  195.142  267.064  196.208
701.688  255.241  232.008  253.48
736.328  186.821  266.217  187.998
663.66  260.589  190.82  256.771
758.962  260.667  286.024  261.134
772.27  176.609  299.504  181.782
774.184  274.336  301.34  276.247
856.625  252.928  368.543  258.931
628.007  251.895  150.38  245.259
822.477  219.578  341.595  226.27
743.414  185.695  272.364  187.519
738.994  218.457  268.947  218.937
537.835  226.218  31.8005  207.349
658.141  254.534  186.984  251.533
782.476  236.832  308.656  239.983
601.842  158.061  117.275  136.295
731.724  142.114  262.633  143.162
604.684  278.386  119.689  273.163
784.195  337.802  307.051  335.765
718.631  135.786  249.694  135.354
856.394  191.405  368.254  204.3
790.595  270.8  315.343  272.548
720.014  137.181  251.288  137.053
693.293  155.885  223.676  150.587
713.799  205.134  245.238  204.205
802.589  214.768  323.578  220.413
632.511  257.051  154.114  250.571
849.191  233.827  362.825  240.845
745.479  202.016  275.187  204.069
586.887  248.386  97.6707  238.221
807.4  216.381  328.57  222.65
590.03  201.204  104.937  184.387
879.958  220.52  384.955  231.262
736.295  153.135  266.395  155.104
671.269  248.192  201.381  245.539
756.825  256.767  284.203  257.211
736.11  191.639  265.414  192.563
740.492  205.099  270.47  206.613
899.504  465.737  388.705  440.997
753.887  260.661  280.828  260.611
767.461  261.109  294.072  262.749
856.382  243.868  368.384  250.16
713.64  211.389  245.58  210.753
860.809  214.379  372.854  225.432
658.921  258.279  181.14  252.015
773.271  256.404  299.764  257.876
863.633  277.574  373.832  280.41
546.943  292.78  41.5531  288.22
744.411  225.212  275.07  227.155
627.901  166.54  152.784  152.467
634.518  256.605  157.288  250.497
646.346  175.558  169.625  162.686
663.429  162.667  189.868  152.895
728.1  136.624  259.847  137.346
834.83  196.145  347.949  205.443
726.063  146.759  258.354  147.963
728.391  225.533  257.608  225.367
756.59  211.282  285.688  213.46
709.181  337.819  234.813  338.084
664.938  163.241  191.139  153.613
721.223  217.003  251.482  216.549
850.264  278.846  362.632  280.849
731.432  297.282  258.775  296.144
815.054  294.12  333.454  293.886
581.4  208.764  92.5196  192.283
631.099  244.903  153.123  238.027
590.369  174.986  104.153  153.798
673.879  150.227  200.742  141.488
774.713  237.686  301.2  240.832
728.374  144.392  259.73  144.865
725.091  211.67  254.65  211.329
736.917  248.281  267.91  248.671
842.01  233.037  356.655  240.3
655.585  163.949  182.965  152.78
609.348  157.197  127.299  136.873
765.952  261.857  292.596  263.442
727.746  139.59  258.857  139.934
712.657  131.268  244.539  130.231
802.803  196.99  324.014  204.158
773.583  265.964  300.344  268.097
904.454  223.586  402.029  234.371
773.701  241.527  300.115  244.417
638.684  258.018  161.344  251.894
663.28  322.129  186.194  321.535
756.875  221.852  285.69  224.539
737.031  202.044  266.395  203.058
725.552  160.212  257.56  161.124
784.157  326.928  308.547  325.761
606.373  155.3  123.899  134.285
587.126  255.733  96.5615  245.361
782.954  175.406  309.026  182.698
731.826  261.013  259.962  260.826
727.556  148.461  259.967  149.049
796.381  253.081  321.566  256.335
674.928  240.427  205.968  236.914
696.963  256.628  229.13  255.305
745.571  197.823  275.021  200.022
772.88  224.866  299.537  227.476
625.272  248.645  146.283  240.874
787.778  176.919  313.561  183.828
808.937  280.498  332.469  282.664
569.106  123.501  76.2995  91.231
602.006  267.696  117.156  260.869
662.704  263.724  190.197  260.086
612.88  258.99  133.377  252.686
764.926  279.481  290.943  279.302
572.226  251.217  78.8124  239.772
686.739  168.657  216.62  162.412
725.932  257.253  256.337  256.621
797.333  179.859  322.605  188.934
731.447  234.47  263.09  234.607
779.348  172.605  305.947  178.686
844.102  202.274  355.283  211.837
914.887  232.047  407.534  242.443
623.628  178.061  149.408  164.164
631.063  179.182  152.587  165.457
644.389  246.27  172.171  241.069
780.065  188.027  305.762  194.06
785.278  237.875  311.519  241.099
664.568  199.68  194.364  192.449
734.884  261.852  264  262.323
781.024  350.691  303.524  347.855
780.07  232.102  306.732  236.257
670.1  178.919  199.598  172.008
748.471  270.468  276.771  270.317
708.455  275.572  236.834  273.675
676.751  220.071  206.728  214.983
612.188  257.5  132.678  250.974
678.836  302.279  205.134  300.795
585.852  274.637  95.3935  267.68
701.46  151.688  232.002  148.486
578.149  205.215  87.2208  187.407
752.705  263.239  280.266  263.137
710.029  144.803  243.853  144.058
716.64  137.528  248.903  137.386
773.352  173.504  300.115  178.575
611.458  234.902  132.708  226.706
785.789  276.783  311.601  279.216
786.457  171.915  311.386  178.544
577.359  294.494  83.6845  290.782
716.147  239.424  246.484  238.993
662.811  176.264  185.49  164.753
818.148  190.884  336.863  199
724.035  207.082  254.008  206.939
842.663  398.276  353.803  388.898
730.672  219.221  260.601  218.553
614.443  254.258  134.949  248.36
613.935  236.843  135.648  229.106
726.445  147.18  259.967  149.049
695.658  142.852  226.262  137.519
825.352  283.477  343.677  285.936
655.116  184.371  184.035  176.108
652.898  174.3  177.396  163.478
542.62  113.627  36.6497  71.8246
592.495  163.966  106.7  141.383
753.687  285.173  281.066  284.709
815.854  369.526  330.514  362.938
731.597  263.132  260.608  262.196
653.179  312.154  176.473  311.289
678.773  236.881  208.07  232.468
779.352  216.787  306.078  220.437
819.447  337.689  337.042  334.403
791.348  186.041  315.855  192.332
730.176  214.662  260.218  215.227
675.375  435.375  189.717  441.18
718.716  139.994  249.932  138.642
684.165  223  215.627  219.059
638.927  437.225  148.478  447.483
786.48  167.816  311.463  174.682
816.965  202.033  336.073  210.359
755.534  250.656  283.239  252.269
545.047  208.049  38.3226  183.399
759.87  287.278  284.978  286.108
785.129  283.72  309.007  283.763
770.577  176.012  297.402  180.46
672.747  159.504  199.25  151.054
727.57  239.075  258.406  239.766
605.642  118.7  121.822  92.9307
755.783  263.321  284.334  263.744
767.673  281.415  293.593  281.171
664.795  161.69  190.893  152.174
590.606  149.415  100.958  124.565
713.015  495.62  224.303  496.016
738.353  211.019  267.886  212.341
791.721  369.699  315.082  368.108
745.732  269.937  273.051  270.446
861.985  188.769  371.967  202.639
683.24  296.145  210.026  294.23
678.468  282.405  206.35  280.126
662.084  157.605  185.044  146.424
734.59  193.981  264.104  195.07
919.64  23.842  412.209  70.1433
773.142  218.418  299.994  221.218
762.534  166.528  290.578  171.908
674.285  265.444  202.32  262.066
719.151  152.268  251.597  152.62
759.323  267.374  287.413  267.76
636.554  256.338  160.372  250.335
815.437  374.504  331.739  368.321
773.302  258.45  299.817  259.551
766.076  185.063  292.555  189.613
836.93  202.248  347.946  210.78
733.47  237.083  262.03  235.977
728.482  218.844  257.667  217.561
741.126  206.762  271.171  208.683
728.884  219.138  259.159  218.318
750.455  279.652  279.422  279.654
706.574  251.666  236.74  249.549
775.229  261.089  301.558  262.175
569.427  342.342  67.5161  347.482
697.563  142.968  229.704  138.363
622.786  326.179  139.445  326.7
661.748  261.534  188.356  257.118
655.016  243.85  182.114  238.093
757.544  261.292  285.711  261.669
691.987  242.102  223.248  239.322
611.733  232.568  133.919  224.596
604.916  275.501  123.805  272.69
738.851  206.594  268.262  208.032
739.615  207.974  267.647  208.958
620.686  179.864  146.35  165.685
683.785  211.554  214.196  206.549
722.326  154.778  254.393  155.521
731.313  179.882  261.653  181.069
751.526  190.832  280.065  193.896
662.162  248.044  189.604  242.908
727.46  242.867  258.548  242.273
854.32  191.097  365.589  203.874
690.959  240.114  222.524  237.297
607.015  147.065  123.477  124.532
683.32  219.106  213.644  214.359
581.66  177.693  91.8306  156.178
682.812  222.231  213.092  217.577
552.192  232.273  47.2757  213.07
723.307  195.596  253.505  195.613
681.482  171.726  209.507  165.492
591.647  242.359  103.336  231.768
730.335  121.163  261.335  123.524
781.417  231.332  308.092  234.389
599.006  266.503  113.511  259.147
773.893  177.579  300.423  182.262
838.068  391.56  369.339  391.825
846.269  227.852  360.47  236.388
741.126  206.762  270.553  206.99
839.819  214.903  353.619  223.665
762.14  262.583  289.741  263.011
626.515  252.482  147.926  246.613
739.553  277.898  265.149  277.393
565.397  207.948  70.1859  189.104
912.234  494.88  393.362  462.549
841.858  222.948  356.268  231.435
780.751  252.952  307.512  254.977
709.649  241.937  241.435  240.337
914.115  265.17  406.649  270.578
662.783  159.138  185.044  146.424
591.807  204.785  105.887  187.786
727.861  262.534  258.718  261.994
689.123  155.958  218.4  150.774
554.295  285.87  53.2231  280.079
848.219  188.222  359.734  200.412
744.427  242.29  273.67  242.266
610.917  142.573  128.705  122.011
664.679  437.699  178.851  444.352
804.031  212.84  324.264  218.985
713.746  218.391  246.248  216.91
831.921  193.371  346.194  203.265
768.272  272.433  294.902  272.637
924.159  448.332  406.491  422.772
580.2  263.192  87.8921  253.557
612.24  150.257  130.873  130.977
673.297  263.515  201.041  259.757
671.97  253.682  202.017  250.211
723.562  131.516  256.289  131.459
662.204  259.367  188.346  254.487
612.408  233.998  133.869  224.356
851.751  226.314  365.715  235.775
701.897  317.527  228.442  316.214
716.539  231.575  248.118  230.143
765.139  278.602  292.651  278.78
758.866  172.157  288.652  175.849
750.965  271.155  280.076  271.217
662.932  163.515  190.246  154.448
794.889  270.459  318.412  271.61
768.33  277.863  294.618  277.748
714.852  210.788  246.23  208.836
706.368  260.094  238.532  258.944
820.395  219.203  337.533  226.03
779.584  267.829  306.365  269.094
553.915  281.547  49.4914  274.841
591.577  190.729  105.161  173.062
757.172  176.105  285.811  178.954
858.601  413.854  359.895  398.708
739.899  300.184  266.115  298.379
816.322  207.669  337.129  214.573
658.724  185.546  185.797  175.553
589.221  172.645  104.423  151.179
743.939  198.23  273.669  198.983
621.826  239.344  143.25  230.283
687.088  305.9  214.495  304.639
865.564  196.114  377.256  210.479
654.791  160.57  181.223  150.055
670.983  159.71  197.294  151.175
708.893  322.62  235.574  321.392
734.675  223.732  267.181  224.169
732.574  273.239  263.127  272.823
666.486  302.468  191.513  300.507
759.048  263.303  285.553  262.907
714.65  136.892  248.903  137.386
621.188  177.769  143.397  163.689
739.655  319.491  265.491  317.601
738.904  249.224  270.1  249.397
739.741  189.136  268.51  190.892
913.003  204.301  407.188  219.653
716.417  360.192  239.738  358.633
675.755  308.086  200.406  307.853
768.781  309.501  295.137  308.625
833.151  213.913  349.025  222.671
698.408  160.261  229.046  157.088
669.944  237.284  199.782  234.268
747.616  318.453  274.747  317.226
652.995  265.713  179.198  261.317
725.479  501.683  237.382  500.08
594.523  331.334  103.957  333.183
785.492  251.636  312.299  254.068
719.886  225.493  251.722  224.268
841.375  224.811  355.616  233.112
726.929  128.75  260.936  129.669
684.378  175.637  216.1  171.414
727.307  160.758  260.844  161.105
756.423  262.295  274.528  260.074
775.391  240.096  302.027  243.76
841.53  227.76  355.934  235.86
922.44  446.215  404.549  420.617
831.128  243.337  346.783  249.025
645.678  326.939  166.576  326.87
729.157  199.298  259.154  200.095
626.171  262.112  147.561  255.708
746.917  279.424  267.873  277.484
788.616  192.491  308.733  197.899
849.937  189.6  361.482  202.079
614.268  251.87  134.898  244.152
673.935  161.349  202.539  154.157
663.415  247.514  191.531  242.452
762.143  280.144  289.603  279.951
546.716  294.357  41.1568  289.579
675.184  163.79  201.156  154.056
829.562  257.244  348.825  261.08
685.768  221.28  215.941  216.547
613.131  169.57  133.5  151.407
814.697  268.483  335  272.125
766.311  263.874  292.545  263.852
722.421  124.113  254.327  125.409
739.874  306.214  267.552  304.98
798.023  193.236  323.292  200.026
787.861  258.044  313.73  261.894
704.21  258.92  236.691  257.644
703.432  333.347  229.73  332.512
836.497  204.727  347.78  213.288
742.583  183.398  271.161  185.667
600.658  181.144  117.62  162.14
561.681  146.28  63.6732  115.437
654.195  314.038  177.507  312.953
694.523  250.022  225.199  247.214
629.852  174.185  151.349  160.315
657.899  298.502  182.799  296.398
708.455  275.572  238.48  273.947
708.784  237.817  241.203  236.113
666.048  322.068  190.086  321.294
741.441  295.185  269.148  293.919
782.291  284.554  308.757  285.112
736.872  278.632  260.161  277.236
671.453  150.193  197.633  141.412
590.834  254.616  105.279  245.565
746.022  242.706  275.54  242.725
741.873  227.643  271.491  227.504
766.472  175.558  295.823  179.956
743.733  262.462  269.915  262.738
855.036  338.526  365.168  333.777
727.276  220.155  257.69  218.937
744.541  182.226  273.983  183.17
845.75  245.961  360.914  253.191
699.252  245.655  229.87  242.852
840.271  309.292  353.353  307.222
726.341  203.683  256.433  204.253
766.78  232.546  293.34  233.631
651.478  255.395  176.867  249.587
768.264  306.9  291.688  304.648
766.475  265.458  292.701  265.324
538.849  152.539  30.7454  115.408
785.166  230.433  311.747  233.661
607.3  117.866  125.597  92.6249
757.029  321.622  282.276  319.588
696.758  260.099  227.475  259.841
838.357  204.829  354.399  213.436
747.61  192.127  276.04  194.883
665.545  237.645  195.625  234.721
612.456  256.078  133.131  248.924
573.62  269.202  81.4515  261.191
890.338  381.209  388.754  369.271
696.239  311.68  223.317  310.209
717.241  199.684  245.974  198.744
609.108  313.425  125.101  313.067
585.771  255.288  98.8693  246.018
774.448  193.29  301.21  199.119
716.719  229.601  248.619  228.045
790.279  253.184  313.491  256.551
748.935  224.671  278.826  225.338
849.454  184.136  360.627  195.074
780.571  205.869  306.469  211.599
709.259  257.82  240.565  256.136
670.297  170.992  197.108  161.136
625.7  151.855  157.273  139.222
686.678  257.554  216.855  254.497
754.917  189.388  282.653  192.999
752.853  264.563  282.414  264.766
685.731  286.368  214.208  284.181
592.59  202.646  107.886  185.545
707.438  218.256  239.047  217.726
737.27  243.616  265.865  244.596
653.032  270.017  181.557  266.873
615.976  160.357  136.71  143.599
757.852  167.572  288.314  173.397
629.949  268.396  152.232  262.876
701.523  259.746  230.697  256.866
566.255  264.938  77.4122  260.63
625.408  166.606  147.724  152.019
592.482  173.281  107.558  151.833
770.665  173.581  297.574  177.766
727.671  168.095  259.44  169.771
625.725  253.901  147.258  246.383
744.034  308.566  271.685  307.275
660.031  177.856  188.414  167.761
669.168  258.478  197.571  254.287
787.091  261.832  312.624  263.234
778.884  264.652  305.529  265.652
592.106  174.375  106.85  155.116
585.923  297.02  95.0739  293.435
603.051  184.004  118.765  164.879
770.125  312.263  292.622  309.468
591.805  172.647  106.758  153.214
575.579  128.319  81.61  97.7753
552.19  233.903  47.3426  214.693
762.827  307.516  290.677  306.866
811.613  229.858  333.212  234.377
632.814  235.658  155.652  228.82
635.006  261.098  155.148  253.583
648.197  158.52  173.496  146.924
579.597  141.381  90.1553  114.806
540.012  206.486  33.3983  183.542
838.111  198.01  353.083  209.028
754.412  263.094  282.482  262.748
718.657  446.841  236.082  446.039
592.872  210.606  107.85  194.504
612.358  352.692  124.841  356.415
805.095  277.837  326.921  278.466
724.173  498.029  236.61  496.499
773.552  276.941  300.467  277.153
681.587  177.345  209.995  169.576
793.992  253.605  319.276  255.947
762.333  258.026  289.324  260.259
717.129  216.193  247.52  216.123
677.335  257.321  200.103  253.09
774.183  270.327  301.419  270.92
839.502  258.084  352.61  262.717
632.964  326.109  152.429  326.32
723.545  361.17  247.003  359.061
635.577  259.673  157.947  252.923
644.608  320.77  165.662  319.89
729.259  216.17  259.843  215.031
703.336  321.727  229.908  320.212
742.169  206.314  272.073  206.43
913.225  198.884  407.702  215.537
579.091  204.374  92.7893  188.989
709.503  123.649  241.351  122.788
682.09  211.905  211.962  206.102
714.51  242.749  245.753  243.247
715.672  226.978  246.92  224.888
579.718  187.613  89.0956  167.716
647.123  263.564  173.395  258.748
731.946  183.288  261.739  184.787
710.977  249.525  242.782  247.769
766.137  260.686  292.004  260.33
692.461  249.004  222.922  245.728
770.277  310.925  295.97  309.471
921.926  192.101  414.37  210.778
659.42  320.709  183.058  319.828
840.233  304.766  353.048  305.206
779.808  196.042  306.379  202.593
766.512  305.981  291.767  306.753
698.86  311.31  226.967  310.043
884.383  212.404  389.764  225.959
632.744  257.967  155.629  251.244
766.451  262.446  294.072  262.749
768.41  232.77  294.889  233.753
824.394  275.346  341.877  276.133
718.34  248.312  250.004  249.383
836.339  257.844  351.218  262.895
788.732  174.994  314.161  181.312
678.197  240.53  210.677  236.988
849.107  245.566  362.413  252.822
631.931  241.118  152.335  231.412
817.381  373.443  331.095  365.576
605.642  118.7  121.851  94.8323
540.937  243.282  34.9316  229.123
912.044  543.166  393.788  505.116
817.743  204.065  337.916  210.83
750.392  190.546  278.397  193.803
682.415  173.059  212.187  168.149
688.985  250.657  218.81  246.967
722.331  125.745  253.998  127.251
768.149  297.429  291.988  297.912
810.061  204.042  330.596  212.331
728.725  209.619  258.934  210.767
616.221  275.769  135.742  270.428
921.41  207.477  414.582  223.872
559.583  142.207  60.5503  110.444
835.997  259.524  350.797  264.404
541.099  272.682  34.1855  262.526
733.341  189.109  262.87  190.726
798.401  249.791  323.387  255.162
915.301  233.135  406.598  241.11
912.885  183.046  407.068  202.195
840.862  302.653  352.972  303.136
571.876  268.255  80.5033  260.336
664.994  178.242  194.479  168.892
784.999  200.551  310.752  204.778
694.626  243.973  225.53  240.662
752.487  262.96  281.999  262.883
816.16  333.279  335.116  329.983
809.556  338.067  327.522  333.733
682.64  264.763  213.221  261.918
659.054  182.881  185.127  174.542
644.125  310.229  167.074  308.919
638.257  183.783  161.579  169.906
715.113  214.917  246.711  212.621
705.2  260.372  236.596  258.347
692.269  327.137  218.922  326.19
760.265  282.065  287.685  281.299
602.465  166.23  118.695  147.475
845.166  226.523  359.431  235.642
780.63  172.696  304.144  177.072
753.308  186.356  280.738  190.011
697.566  256.192  228.67  253.561
718.118  359.84  241.988  357.969
774.112  279.09  301.684  279.347
673.729  242.105  206.534  241.25
773.748  171.317  300.082  175.645
582.348  154.628  92.8169  127.738
628.544  164.749  149.566  150.1
761.944  324.497  286.988  322.104
618.246  185.854  144.062  171.588
693.909  467.687  209.201  471.321
806.979  320.707  325.727  317.478
748.914  201.576  277.245  204.57
683.899  142.245  210.256  132.812
698.217  244.307  228.852  241.021
727.386  278.816  258.345  277.894
728.17  464.012  243.833  461.492
911.456  212.616  406.67  224.503
808.834  367.752  323.692  360.387
726.689  361.404  250.486  359.097
723.152  225.405  252.868  225.941
571.504  282.947  78.4169  277.162
706.868  250.666  237.643  248.09
749.032  230.618  277.922  233.244
585.809  370.902  88.5822  378.445
598.296  359.728  105.105  364.245
739.054  213.609  268.717  215.754
556.103  282.881  54.3393  275.114
812.545  373.113  326.713  365.216
716.943  446.72  234.402  445.892
640.672  520.548  144.008  539.161
693.452  266.712  224.089  264.147
716.798  258.889  248.309  257.329
845.805  229.998  360.13  238.949
684.192  234.474  216.41  230.606
813.233  281.597  334.448  282.194
710.634  165.859  242.315  165.385
803.669  359.137  321.906  353.571
730.952  127.762  261.619  130.644
827.748  381.5  338.416  371.808
610.662  144.495  129.066  124.972
667.438  437.735  182.633  443.678
727.732  360.037  251.315  357.48
621.826  239.344  145.142  230.49
838.467  201.933  348.884  211.272
707.142  238.571  237.327  235.39
675.656  282.188  204.758  279.67
680.159  261.824  210.211  258.398
829.978  282.269  341.475  283.343
818.961  199.144  336.865  205.501
660.417  297.979  186.533  295.772
753.911  261.805  283.991  261.929
693.38  242.59  225.445  239.477
707.834  212.428  237.281  211.375
706.414  254.215  236.705  251.438
746.125  254.274  277.223  254.32
681.837  237.612  213.765  233.613
722.466  363.221  246.494  361.196
706.903  494.718  219.986  496.518
696.96  239.242  228.596  236.006
667.24  279.404  194.271  275.807
729.964  463.673  246.359  461.157
749.078  334.114  274.363  331.492
754.648  328.669  280.063  326.151
717.584  226.756  249.574  224.821
646.759  165.601  176.108  153.212
709.289  240.744  241.312  238.452
798.178  178.285  321.534  187.91
681.359  241.374  212.153  237.062
744.726  227.271  272.427  229.166
597.462  281.022  108.152  273.603
677.273  303.111  204.165  301.016
922.362  193.903  414.702  212.631
889.113  175.276  392.672  194.513
762.913  272.523  290.725  272.096
715.995  339.861  242.028  338.153
616.095  289.672  134.092  285.383
835.43  186.433  349.251  198.185
707.673  336.785  233.906  335.335
680.802  281.212  210.112  278.613
777.043  276.405  304.088  276.558
767.194  330.186  291.374  327.262
795.046  210.246  318.016  217.09
849.641  277.769  363.378  282.336
710.468  159.468  241.496  155.771
628.189  247.625  149.228  241.786
637.19  307.071  158.977  305.154
765.062  232.769  291.567  233.095
811.669  345.631  328.533  340.251
773.629  272.969  300.08  272.715
789.219  272.176  314.658  272.792
674.379  270.209  201.943  266.068
811.384  287.837  332.992  287.899
748.289  190.467  276.293  193.731
817.861  194.669  335.499  204.155
695.056  163.398  225.999  160.582
792.824  201.066  320.797  206.942
638.718  164.843  167.02  151.049
709.437  264.412  239.476  265.056
882.637  527.39  376.21  497.657
897.596  465.401  388.732  440.365
686.281  213.71  216.657  211.295
601.339  260.455  116.563  254.704
681.302  512.778  190.922  520.573
697.517  268.109  229.759  266.232
655.87  248.427  183.635  245.696
679.102  307.083  205.89  305.094
692.818  250.839  223.043  247.172
943.891  186.61  435.154  207.283
606.228  264.05  123.4  256.204
581.364  276.554  90.5278  269.162
796.362  373.793  320.198  369.979
646.012  161.688  176.557  149.255
662.274  236.112  191.068  229.763
848.709  212.811  361.668  223.688
771.604  279.644  298.807  279.295
654.078  356.334  173.074  357.045
690.524  326.835  217.412  325.768
690.322  285.889  219.805  283.56
693.696  272.08  224.394  269.597
690.903  252.739  221.136  249.051
658.409  319.31  182.323  318.072
853.889  186.609  363.44  200.103
584.67  284.782  94.0482  278.635
825.519  341.552  340.111  335.994
876.143  221.216  382.634  233.064
667.474  428.694  183.323  433.752
745.019  241.742  274.747  241.122
667.543  449.255  183.112  456.546
779.395  283.954  307.758  284.461
714.151  276.498  245.865  275.12
636.006  505.544  139.697  523.274
640.87  235.381  169.386  231.554
706.372  275.842  236.834  273.675
667.806  319.626  192.389  318.084
617.812  282.048  137.813  277.346
610.531  346.264  122.912  348.652
764.56  174.691  291.38  180.545
753.262  312.453  278.761  309.861
669.843  428.808  186.725  433.959
779.672  200.989  306.111  207.65
708.127  494.35  221.707  495.957
922.093  206.017  415.553  223.246
635.879  309.089  156.951  307.063
668.823  450.208  183.112  456.546
831.766  330.335  344.33  325.013
800.447  313.549  320.457  310.555
810.357  266.506  326.232  268.8
634.658  164.651  150.258  145.592
792.101  192.073  316.983  200.533
697.712  271.431  226.844  271.703
681.374  262.222  212.213  258.925
802.107  277.233  324.754  277.405
824.564  277.308  341.887  280.87
697.442  310.213  225.31  308.306
565.015  141.702  65.6307  110.662
609.878  262.359  130.538  255.513
722.635  551.985  231.155  551.47
759.367  175.765  287.867  178.025
694.438  314.571  221.732  312.686
765.663  198.875  292.142  203.809
686.033  462.691  200.996  466.923
708.744  262.155  240.624  260.131
768.197  312.911  292.329  310.107
685.81  300.169  211.952  297.067
754.387  532.329  265.656  525.38
878.554  526.328  372.511  496.838
662.402  277.097  189.537  273.135
695.812  309.674  223.534  307.652
672.899  257.669  203.712  253.843
712.128  546.43  220.781  548.269
862.429  224.251  372.264  234.965
607.252  143.772  126.879  124.526
742.656  280.97  264.513  280.04
800.961  211.788  321.446  218.66
687.122  130.689  220.036  126.884
750.393  185.695  279.519  190.019
709.961  542.807  218.657  544.917
815.269  269.181  335.508  270.059
622.033  277.747  143.116  272.527
719.759  552.433  228.689  552.876
798.254  176.266  322.346  186.601
669.403  166.444  197.486  156.002
728.085  259.785  252.483  255.508
694.785  270.647  225.799  268.062
705.965  501.86  218.949  504.045
627.227  267.876  150.427  262.061
669.863  271.452  199.06  267.845
825.128  258.557  345.214  264.863
644.152  164.364  170.53  150.173
715.048  361.441  239.065  359.377
781.985  350.968  302.943  346.099
656.295  298.282  182.638  296.009
664.224  156.092  190.236  147.359
837.048  185.601  350.046  197.736
789.267  171.647  314.644  177.668
620.721  289.871  140.811  285.889
542.21  287.218  35.6553  280.085
785.911  307.129  313.533  310.476
694.639  310.703  222.351  308.659
567.829  270.443  75.715  262.526
637.974  260.336  159.558  252.571
658.314  277.043  185.735  273.165
912.94  200.992  407.296  217.886
688.377  275.918  218.524  273.06
757.955  250.728  287.161  250.624
661.191  261.342  187.507  255.609
789.079  196.962  310.8  203.677
911.859  473.684  398.216  445.329
841.755  195.482  354.72  207.381
693.64  311.859  220.804  309.631
641.619  305.691  164.578  303.474
684.863  294.518  213.613  292.125
651.407  243.261  180.007  240.667
666.71  430.132  183.207  435.593
719.907  146.223  252.044  147.822
715.102  216.725  246.833  213.937
627.57  250.425  148.394  245.195
598.263  362.013  105.847  366.853
788.162  203.378  307.393  208.679
571.21  206.625  76.8031  188.986
772.524  281.518  301.196  281.485
783.202  205.402  310.276  212.813
640.461  240.434  166.834  236.491
771.542  315.824  296.892  313.425
801.51  280.803  326.281  281.374
823.15  378.29  334.292  368.395
724.151  360.885  248.769  358.511
704.891  264.411  238.445  262.818
736.786  242.379  265.126  240.193
913.448  196.48  408.87  214.636
713.866  251.397  245.214  252.843
716.146  275.72  248.098  274.173
674.835  257.433  205.302  253.29
594.128  236.841  108.075  223.519
538.395  214.433  31.8385  194.229
701.893  266.901  231.646  267.629
650.579  363.281  166.884  363.503
577.467  280.483  84.8129  273.049
771.584  273.645  298.486  272.981
727.174  192.302  256.91  193.854
817.691  345.962  336.612  341.307
810.622  281.026  332.499  281.137
619.157  255.76  139.862  247.374
777.591  338.248  304.147  336.015
722.758  554.539  232.306  554.538
724.942  164.662  257.781  167.236
837.399  204.046  352.586  215.261
707.646  252.247  238.667  249.259
681.822  203.412  211.885  200.484
667.822  428.313  185.158  433.678
850.1  229.33  361.817  238.584
812.226  186.388  335.062  193.993
586.94  361.155  93.5367  367.821
672.477  135.821  199.662  124.051
662.667  324.677  186.565  323.228
638.16  309.387  159.979  307.192
635.714  294.502  157.329  290.577
625.811  246.565  146.283  240.874
619.851  270.233  140.279  263.572
783.761  308.121  309.795  310.812
684.021  564.718  190.242  575.264
779.971  211.167  306.412  217.725
723.76  149.013  256.154  147.425
838.818  311.079  351.16  307.367
744.147  241.213  273.613  240.008
700.87  310.932  229.975  309.231
837.854  198.768  352.037  210.289
624.729  232.106  147.245  221.435
633.054  153.049  161.073  141.102
858.908  507.735  356.576  482.131
609.014  345.949  121.083  347.963
812.59  348.176  330.732  342.75
659.554  276.392  187.523  272.472
755.377  187.303  288.047  189.734
655.604  313.023  180.273  311.235
681.761  297.156  210.21  294.659
706.372  275.842  238.48  273.947
588.873  275.013  102.053  267.957
619.677  280.069  143.004  276.052
619.512  271.575  139.156  264.693
680.231  291.453  209.174  288.802
706.921  243.67  240.267  241.25
663.444  172.358  191.177  161.071
684.266  278.505  214.476  275.543
631.392  332.169  150.743  332.341
591.313  379.473  96.2178  387.769
801.395  243.292  321.804  248.41
720.796  221.429  249.761  222.16
839.226  196.561  353.457  208.629
835.632  205.667  349.387  216.058
641.36  314.603  161.819  312.007
674.995  548.004  181.136  559.355
630.763  259.905  154.095  252.732
677.865  263.244  208.978  259.618
819.871  258.43  344.936  262.146
792.172  172.116  316.518  182.18
755.128  239.954  282.641  243.195
619.476  259.395  140.007  251.224
894.365  466.175  387.682  441.471
568.419  283.52  73.0819  276.385
698.557  487.565  212.333  490.253
842.692  199.837  353.72  206.7
633.189  271.489  156.507  265.549
605.52  266.496  123.668  258.895
660.556  301.078  186.063  298.113
725.95  363.254  252.834  361.697
707.171  501.872  220.792  503.713
790.785  200.974  315.425  209.106
768.808  211.985  295.675  212.991
571.35  261.089  75.7842  253.473
610.05  347.925  123.701  350.731
718.542  145.682  249.394  142.545
661.476  270.181  190.613  266.035
754.525  517.816  266.241  510.088
776.698  222.232  302.889  227.973
714.139  207.375  243.061  207.45
690.959  240.114  222.453  235.739
571.936  267.915  79.6103  258.474
754.099  187.706  286.458  189.625
672.622  267.052  200.522  262.089
699.52  489.718  213.349  492.282
696.128  242.443  226.795  238.061
765.27  281.849  292.617  280.385
647.575  151.38  176.473  141.676
715.237  262.715  246.969  260.356
609.014  345.949  122.912  348.652
910.576  287.887  401.849  290.489
772.936  226.785  299.537  227.476
773.555  267.233  300.048  266.406
706.732  534.777  216.783  537.281
610.011  251.618  131.257  242.838
606.941  119.928  128.263  99.1813
915.087  197.924  409.107  216.055
573.231  285.164  82.0647  279.549
883.061  332.577  385.843  331.006
679.789  262.227  212.213  258.925
612.977  250.462  134.533  241.533
789.519  166.973  314.842  172.82
723.811  553.562  233.708  553.012
564.412  277.235  68.5669  268.861
702.734  546.724  212.01  550.911
769.965  314.588  297.762  312.768
865.573  516.835  362.522  489.543
571.879  284.491  76.0731  276.599
584.063  166.494  93.5794  144.861
713.436  274.887  245.986  273.011
904.795  68.2476  399.479  106.155
819.307  227.794  339.437  231.623
708.642  496.162  224.75  498.446
703.775  136.693  235.464  131.192
882.268  530.572  373.547  498.425
618.166  326.64  135.871  326.539
927.716  167.649  418.188  192.179
746.546  305.829  272.688  302.513
609.075  349.558  121.728  352.034
843.962  248.798  358.549  256.78
885.129  528.09  375.986  495.794
902.674  191.593  399.607  209.6
661.361  177.471  189.788  166.119
759.412  315.615  284.042  311.916
670.457  318.342  196.414  316.304
596.53  359.145  104.667  363.482
754.228  161.283  281.706  167.141
762.341  548.409  270.736  537.969
787.666  344.036  307.384  338.225
717.856  559.922  226.08  560.23
779.736  298.145  323.794  304.034
721.017  148.297  253.915  150.953
791.354  218.928  316.064  226.388
771.085  313.673  296.719  310.808
668.643  551.539  174.031  564.681
908.489  493.835  396.156  463.041
605.285  141.545  124.383  122.388
680.655  306.433  207.513  303.371
711.532  209.529  244.113  205.956
730.18  119.308  261.335  123.524
914.953  196.032  408.87  214.636
620.03  305.13  140.007  302.583
634.477  310.138  155.967  307.623
836.004  392.084  348.875  381.732
634.593  306.968  157.176  304.54
903.276  198.582  399.234  215.407
767.458  312.078  294.188  309.503
674.63  304.867  203.481  302.758
741.052  215.215  270.212  213.338
728.896  231.034  257.629  227.639
881.914  503.972  377.704  476.338
818.512  195.918  338.655  202.109
595.68  330.976  107.414  331.887
841.918  316.166  355.948  312.357
724.927  361.788  250.486  359.097
665.044  432.128  181.113  437.087
796.793  222.166  320.665  229.964
798.297  168.312  327.532  181.91
803.101  311.35  331.092  316.518
872.783  210.495  377.535  223.603
659.988  160.038  185.306  151.569
572.077  191.394  78.1367  172.097
690.995  271.831  219.206  267.082
674.658  264.047  206.737  260.254
763.227  309.349  290.677  306.866
606.972  262.642  124.932  253.728
640.429  185.376  155.513  167.241
909.153  533.555  393.773  496.543
583.546  276.135  95.9547  268.765
837.137  316.428  348.989  311.181
584.555  274.627  96.8019  266.784
580.675  388.885  83.0786  400.13
716.299  558.888  226.08  560.23
662.542  431.222  178.335  436.322
754.985  212.825  282.767  217.478
577.987  274.791  87.6743  266.44
614.387  178.077  136.079  159.605
625.288  232.49  148.903  221.547
764.853  286.97  295.976  286.433
653.211  307.462  179.144  305.067
688.179  255.823  219.209  251.28
629.403  283.588  148.555  276.713
641.546  307.518  166.591  305.5
688.152  260.812  218.133  256.055
640.335  152.566  168.948  142.494
599.006  252.181  115.315  247.068
653.136  194.301  183.54  183.656
629.022  274.711  154.45  269.577
622.196  240.882  143.493  229.86
626.511  325.913  148.226  326.155
550.573  139.769  48.9167  107.405
692.232  143.362  223.224  135.326
607.834  265.285  129.069  258.002
815.151  247.641  332.265  253.605
654.293  192.933  184.306  182.059
788.417  199.023  309.669  206.437
819.327  335.411  350.279  335.758
588.876  274.633  103.477  267.251
663.726  237.576  195.451  237.251
548.62  279.238  43.3121  268.436
861.718  186.908  371.506  203.196
772.739  170.564  299.009  173.104
564.896  385.649  54.8626  400.236
760.633  320.018  284.355  315.339
760.634  194.446  286.808  200.081
870.775  517.135  365.953  487.954
873.938  506.479  369.144  478.071
716.43  552.034  226.948  552.905
585.891  263.62  98.0299  253.284
875.635  179.453  382.293  192.096
706.172  216.755  234.5  216.828
899.305  177.475  399.281  198.661
622.507  288.419  142.446  282.727
635.321  293.225  159.624  289.312
672.585  273.905  200.504  268.584
780.668  253.353  307.326  252.951
770.122  331.406  289.611  324.754
759.478  285.403  276.234  284.587
584.57  255.949  96.7445  244.226
628.264  318.818  149.494  317.274
846.727  408.804  351.62  393.028
676.986  296.572  206.427  293.38
661.258  196.07  192.089  192.535
691.993  225.398  223.676  226.103
665.349  444.746  180.659  450.083
708.874  196.592  235.641  196.181
760.933  253.527  284.887  250.058
808.548  243.699  326.024  249.651
810.737  561.95  314.353  540.07
659.514  553.801  164.27  569.419
628.185  433.229  139.251  443.717
658.141  190.711  187.992  179.571
902.966  176.5  398.8  197.385
635.189  239.377  157.569  228.193
866.839  309.237  374.799  311.925
815.708  241.903  339.192  244.478
744.488  203.167  274.309  201.367
853.222  221.148  363.689  232.685
668.248  181.173  197.264  170.055
847.103  251.015  359.748  259.367
876.383  175.425  382.58  195.037
807.255  321.682  327.216  316.84
668.433  182.492  198.101  171.681
805.048  252.674  330.059  253.816
722.749  499.365  236.61  496.499
703.531  223.882  232.26  224.471
584.335  259.42  93.9909  246.848
727.244  210.004  259.291  206.852
685.474  394.407  206.709  393.958
682.483  280.761  214.628  277.286
650.579  363.281  166.483  361.578
542.62  113.627  36.6497  71.8246