1435
606.629  283.792  122.715  279.101
752.51  174.43  280.949  178.252
694.995  433.691  214.359  435.119
781.325  158.706  305.415  167.119
645.42  449.493  158.447  458.882
556.325  128.33  54.8048  93.5388
652.189  239.941  181.991  233.542
685.764  155.731  214.102  150.194
765.172  176.508  286.559  182.237
773.581  293.48  299.663  292.65
825.091  192.521  343.908  202.95
719.301  247.469  249.855  246.253
655.242  136.924  179.641  125.116
726.943  160.982  257.336  161.681
842.702  344.277  354.222  338.9
612.724  259.469  131.481  252.294
659.773  127.605  182.98  116.156
688.265  261.257  218.761  258.243
821.683  245.772  340.966  250.54
658.042  266.516  185.803  262.24
717.316  255.002  246.74  253.717
596.314  165.563  114.937  145.257
619.74  276.573  138.788  271.615
611.318  458.698  113.097  475.89
772.371  281.699  296.163  282.023
588.315  293.046  93.0234  289.896
622.05  288.484  140.721  284.84
605.278  369.261  113.611  375.418
918.969  302.811  411.621  302.63
644.569  126.656  165.219  112.015
650.846  177.675  178.759  167.554
604.896  160.302  124.02  140.948
663.704  380.225  182.932  382.876
673.522  209.384  202.695  203.879
582.509  344.045  90.056  347.186
773.995  270.386  299.651  271.131
874.33  215.779  382.955  227.259
805.165  220.991  326.495  227.184
659.248  309.096  184.614  307.265
703.159  124.285  235.156  121.044
646.988  448.6  160.032  457.786
598.998  154.739  115.773  133.649
628.416  464.213  132.042  479.446
774.507  296.299  303.105  294.786
706.081  132.1  238.281  129.519
634.516  286.919  158.197  283.133
740.612  223.188  270.361  224.065
598.639  463.694  97.6301  483.618
840.277  345.634  353.208  339.921
572.107  346.207  78.4962  349.739
774.388  252.974  300.312  254.796
651.312  542.255  156.219  558.988
625.711  254.738  145.652  248.106
674.73  347.465  198.086  347.593
703.901  252.204  234.994  249.919
744.919  183.199  273.73  185.843
674.269  476.466  186.772  483.614
664.142  296.406  190.848  293.894
745.398  172.82  273.824  175.79
767.788  328.674  291.621  326.166
659.499  465.144  171.608  474.021
927.406  372.101  414.531  360.109
568.294  250.85  72.8364  239.581
687.846  232.697  218.548  229.064
813.65  283.457  335.166  284.038
878.061  195.943  388.484  210.208
679.557  252.96  209.575  249.343
638.539  289.09  161.949  285.737
750.374  166.286  278.15  170.131
617.769  272.226  137.983  266.509
665.254  289.201  192.425  286.457
696.93  153.19  229.043  149.315
656.842  193.25  185.958  184.938
741.906  240.709  271.691  241.132
764.984  293.397  291.536  292.446
737.765  205.702  267.552  206.744
670.145  267.425  199.104  263.683
712.11  233.746  243.139  232.029
635.103  284.359  158.684  280.326
742.712  280.014  265.426  280.097
694.458  152.235  224.938  147.876
760.982  277.077  288.387  276.838
775.023  153.216  300.803  160.972
686.977  243.007  217.678  239.633
874.948  369.512  377.709  359.859
684.422  253.689  214.898  250.227
784.205  242.231  309.208  245.32
683.51  251.925  214.111  248.344
620.74  324.936  140.156  324.535
675.796  232.707  206.517  227.977
715.485  256.513  245.623  254.954
733.504  177.668  262.779  179.111
815.207  283.319  335.166  284.038
803.743  256.138  327.957  258.66
675.581  127.527  200.835  119.287
846.69  423.059  352.736  408.868
820.588  355.893  336.093  349.892
612.941  164.812  131.973  147.619
687.284  255.448  217.639  252.398
706.99  167.955  239.603  165.565
720.324  213.497  250.266  212.913
579.825  153.934  88.8362  128.81
735.672  179.046  265.118  180.531
614.624  273.633  132.539  268.288
701.657  241.689  233.264  239.299
766.498  209.018  292.086  213.022
646.378  191.826  175.938  181.759
895.137  176.294  391.626  195.915
922.654  473.764  407.906  444.686
730.555  155.55  261.818  156.716
740.171  197.28  269.497  198.796
700.007  258.989  231.234  256.415
621.298  165.333  143.475  149.63
857.738  226.567  370.934  235.546
726.024  251.965  257.174  250.855
727.574  300.604  256.7  299.038
579.425  161.504  88.2551  137.454
623.38  271.36  145.36  265.915
707.358  285.054  237.891  283.138
934.925  417.726  417.119  397.413
814.068  182.256  333.192  192.623
808.25  357.988  324.251  352.608
600.871  263.619  116.723  256.077
678.346  271.451  208.878  268.008
836.158  278.665  353.988  280.255
798.123  222.468  319.354  228.254
763.38  220.459  289.012  223.418
598.824  265.343  114.76  258.055
570.565  380.182  67.4835  390.71
659.917  181.54  188.944  172.859
667.127  167.732  196.017  159.729
684.3  245.32  214.692  241.627
766.352  225.779  292.03  228.909
757.33  213.046  286.076  215.815
685.854  350.641  209.86  350.519
754.477  291.624  283.179  290.574
825.511  338.876  340.743  334.623
908.657  312.165  404.419  310.507
683.533  348.844  207.737  348.44
705.865  134.1  238.032  131.331
607.354  296.704  124.554  293.162
819.061  294.664  335.171  295.123
618.079  258.089  139.382  250.82
615.983  166.22  135.751  149.486
720.35  297.824  249.415  296.019
728.67  211.04  258.27  211.06
629.338  166.5  153.675  152.007
854.794  330.334  364.026  326.249
793.873  257.125  319.689  259.044
822.82  345.184  338.481  340.35
633.53  282.456  155.968  278.573
604.488  360.149  113.244  365.368
737.281  204.218  266.693  205.504
680.444  293.835  209.158  291.597
819.473  264.991  338.624  267.917
698.308  264.146  229.047  261.842
701.824  255.301  233.249  253.049
721.621  149.408  252.849  149.264
721.879  137.409  251.931  137.749
659.978  189.425  189.409  181.108
712.053  153.029  241.323  151.466
827.177  193.441  344.712  204.218
789.973  255.423  314.941  257.807
660.41  261.133  187.263  257.016
783.775  156.87  308.504  165.509
655.624  298.389  179.526  296.354
755.511  293.89  284.196  292.766
776.637  225.922  302.261  229.724
670.729  266.632  201.012  262.945
776.572  319.429  299.81  317.545
712.141  136.748  243.271  135.085
676.194  294.882  204.062  292.708
748.219  189.504  277.077  192.086
534.892  277.938  25.7287  269.274
890.23  304.819  392.366  303.792
851.986  211.091  364.185  221.655
704.201  159.362  235.958  156.484
699.948  229.375  230.707  226.945
704.903  256.604  236.531  254.524
824.156  261.558  346.797  264.34
742.478  277.244  271.921  276.57
653.14  552.59  156.244  569.996
681.674  271.455  211.662  268.555
891.624  352.268  391.372  344.54
656.652  462.484  166.934  472.298
673.852  218.2  202.675  212.885
773.665  169.326  299.252  175.911
643.439  283.99  169.448  280.27
805.321  180.213  324.608  190.236
821.048  172.428  340.567  184.638
642.652  281.449  168.205  277.592
662.503  292.062  189.208  289.168
659.47  292.981  186.567  290.318
809.168  289.261  329.449  289.684
642.165  449.271  153.306  459.373
892.009  296.973  392.716  297.366
681.701  422.467  198.843  425.548
642.165  449.271  151.724  459.838
812.152  182.356  333.104  192.687
657.343  151.437  177.261  140.915
752.432  177.394  280.638  181.298
745.758  166.636  274.743  169.666
818.555  279.183  338.272  280.228
847.039  421.393  354.187  407.316
605.662  306.117  124.164  303.623
857.676  329.773  366.403  325.631
706.632  173.505  239.672  171.344
584.703  283.637  93.5376  278.146
745.489  252.22  273.881  252.742
547.096  280.734  43.5376  273.518
552.889  294.92  51.627  290.123
716.446  297.003  246.064  295.408
698.344  253.741  229.229  251.392
586.786  364.136  92.091  370.312
758.105  160.514  285.362  165.476
660.066  187.733  189.314  179.308
735.116  282.518  260.99  281.732
703.637  172.953  235.668  170.046
744.93  184.821  273.845  187.165
640.937  282.444  166.203  278.62
933.834  203.064  425.299  220.602
720.734  219.419  250.129  218.566
696.786  259.38  227.848  256.561
884.43  313.025  385.914  311.575
835.574  330.292  349.515  326.319
648.609  130.607  170.325  116.876
863.855  192.348  374.916  206.066
760.128  301.794  288.455  300.356
752.209  263.232  281.664  263.004
573.12  347.652  75.0986  352.033
595.934  251.391  107.967  242.227
868.21  237.397  376.939  245.484
803.636  297.057  325.189  296.214
812.447  223.17  333.519  229.765
709.103  262.94  240.384  261.155
822.247  247.597  341.001  252.467
572.368  351.482  70.1593  357.691
598.645  146.598  113.734  124.607
665.861  189.023  195.357  181.868
837.609  280.905  355.007  281.949
636.572  134.158  157.246  118.232
843.792  290.982  359.511  291.428
688.654  267.557  219.448  264.86
884.681  373.156  384.037  362.616
838.848  307.305  354.73  305.897
586.425  300.129  95.8941  296.9
696.184  219.583  228.427  216.617
579.373  384.756  84.1269  393.938
861.256  436.488  363.612  419.206
676.375  368.907  198.248  369.687
814.823  237.617  334.969  243.076
696.577  269.277  227.766  266.94
713.087  154.238  243.874  152.694
828.62  262.788  346.633  266.273
867.074  227.632  377.686  236.753
737.996  208.361  266.081  209.357
871.471  235.711  380.54  244.022
856.099  213.286  368.351  223.698
686.422  253.582  216.675  250.125
694.952  257.29  227.365  254.6
873.277  228.314  379.786  238.536
914.943  281.875  408.847  285.542
704.009  128.552  236.121  125.303
718.842  251.595  249.353  250.538
577.298  257.792  85.1099  248.448
721.584  229.239  251.965  228.666
734.744  183.871  263.817  185.026
595.599  249.762  107.335  240.836
758.594  335.728  283.19  333.31
586.425  300.129  93.8109  297.206
772.802  325.687  296.627  323.474
678.456  261.244  208.509  257.961
712.219  236.048  242.719  234.217
821.598  174.157  341.387  185.806
713.66  265.332  243.298  263.523
692.97  259.721  224.997  257.004
674.636  349.15  198.341  348.97
544.294  141.364  38.5132  106.417
755.923  179.497  283.789  183.801
562.761  255.478  65.0244  244.276
622.181  327.574  136.434  328.059
839.936  244.511  358.227  249.707
645.511  88.5697  167.449  70.8341
714.765  229.449  242.68  228.135
718.176  229.592  248.493  228.773
662.477  490.97  170.851  502.056
684.466  235.13  214.934  231.589
655.474  298.662  181.652  296.357
727.064  154.782  257.117  155.359
837.893  189.583  357.218  200.983
713.521  259.498  244.626  257.504
750.754  270.246  279.038  270.315
808.766  290.871  328.361  291.35
630.434  317.139  153.813  315.778
771.497  288.9  296.972  288.204
571.47  347.979  70.247  352.949
686.267  389.929  204.96  391.954
663.804  378.889  183.247  381.132
844.946  342.61  356.185  337.074
594.379  387.281  88.3798  399.434
674.56  288.021  202.367  285.693
700.702  260.158  232.048  257.99
660.804  297.31  186.936  295.138
636.358  282.815  156.913  279.523
626.064  277.954  148.32  273.389
854.141  375.557  361.438  365.951
681.431  162.322  213.065  156.401
675.039  221.86  204.116  216.679
682.381  255.903  212.903  252.157
687.48  275  215.581  272.83
667.823  214.181  197.195  208.449
558.95  291.338  60.3416  286.501
741.338  320.46  268.034  318.83
667.175  177.539  196.829  170.103
704.274  167.881  236.791  165.476
809.755  195.134  325.404  204.175
937.48  329.908  425.07  324.808
673.493  265.672  203.605  262.257
731.278  277.51  260.168  276.764
745.453  262.564  278.108  262.16
838.805  346.328  351.61  340.415
826.272  251.302  347.364  255.009
676.969  482.852  189.631  489.99
728.758  161.542  258.959  162.223
634.697  278.762  159.376  274.486
701.526  272.093  232.272  270.12
778.112  289.627  303.845  288.802
636.956  278.362  161.563  274.208
653.951  122.967  176.638  109.707
700.868  274.063  231.803  272.045
629.997  164.334  152.104  149.704
697.691  177.241  230.335  174.006
578.689  188.958  87.9237  169.364
584.116  373.632  86.316  381.691
675.075  416.785  193.867  419.764
623.665  277.429  146.798  272.561
733.933  182.029  263.613  183.615
609.026  296.334  129.273  292.805
625.269  279.46  146.399  275.161
868.398  199.232  379.705  212.164
697.675  256.923  228.635  254.05
762.608  335.03  286.654  332.056
739.358  195.713  268.946  197.577
647.418  267.189  172.488  262.904
731.539  181.31  261.385  182.622
822.323  244.349  341.85  249.536
845.481  226.562  359.446  235.223
627.125  288.086  146.52  284.912
833.381  195.277  350.688  205.869
774.25  268.311  300.077  268.831
808.391  297.218  329.857  296.809
784.568  321.381  305.852  319.645
881.432  421.546  378.709  405.246
672.624  287.023  201.641  284.45
823.191  188.047  341.141  199.182
644.593  124.159  165.896  109.612
850.332  197.827  363.199  210.336
672.816  369.979  194.563  370.88
715.204  132.447  251.198  131.034
734.324  235.711  264.605  235.373
608.727  265.873  126.202  258.879
798.849  355.281  317.905  349.916
687.246  270.324  217.326  267.811
748.941  270.285  278.648  270.148
846.902  344.646  361.927  338.408
684.295  270.697  213.418  268.185
656.048  180.399  185.156  170.872
679.851  139.019  209.072  131.558
673.617  449.538  188.136  455.563
702.138  257.916  233.444  255.23
618.911  275.538  139.041  269.964
679.764  367.526  201.085  368.81
600.529  147.008  115.496  124.934
628.727  316.372  150.849  314.534
627.652  284.273  148.778  279.907
742.816  287.349  272.449  285.771
916.388  281.23  409.333  284.565
811.486  184.074  329.86  193.903
721.325  286.76  251.242  284.805
721.671  176.252  253.075  176.327
836.983  207.523  359.536  217.017
859.606  434.395  362.61  417.356
611.647  297.597  129.719  294.714
776.793  210.082  302.475  214.383
580.239  311.389  92.9749  309.39
810.304  297.726  331.676  297.274
909.043  208.97  403.709  224.842
819.155  184.147  337.62  195.298
917.341  269.888  411.065  275.002
641.432  286.656  166.94  282.564
764.561  303.49  293.285  301.969
630.434  317.139  151.821  315.524
637.783  276.897  161.416  272.876
784.525  159.825  310.373  168.108
669.748  166.446  202.196  158.845
702.009  267.085  233.414  265.073
703.664  222.505  233.373  220.64
891.251  221.347  394.252  233.642
752.289  172.814  280.709  176.332
901.089  204.054  396.594  220.323
788.34  290.993  316.946  289.441
620.907  459.642  125.703  475.354
889.72  388.387  387.259  375.223
748.314  191.113  277.137  194.161
760.105  298.912  286.95  297.34
751.758  269.092  281.389  268.422
640.498  267.718  162.586  263.437
822.614  175.373  341.653  186.95
608.964  152.087  127.817  132.251
877.541  330.687  382.38  326.455
606.872  267.35  122.067  260.616
797.782  351.676  316.048  347.573
764.309  226.87  290.004  229.327
865.452  192.321  375.445  206.106
700.577  246.283  232.456  244.064
819.368  169.754  339.507  182.187
711.603  209.331  241.477  208.198
771.954  169.72  298.257  175.853
617.298  351.075  131.067  354.457
756.46  349.389  281.077  346.492
789.664  257.871  313.37  260.458
753.488  180.604  282.081  184.646
675.656  214.244  204.638  208.785
683.655  243.842  213.823  239.856
603.866  308.585  122.196  305.744
625.087  464.186  130.206  479.757
678.536  369.904  199.714  371.38
679.817  448.457  194.921  452.804
667.027  134.287  192.23  124.981
850.901  221.638  364.447  230.481
637.97  113.651  158.416  96.0856
691.801  269.984  224.694  267.325
716.524  127.166  248.538  126.052
554.109  266.283  56.4555  256.587
675.217  447.524  192.294  452.573
624.699  166.384  151.836  151.454
918.861  316.657  412.018  314.336
824.667  286.55  343.059  286.807
723.064  284.365  254.14  283.016
674.543  350.922  197.36  350.849
677.955  448.873  194.301  453.859
754.957  264.213  283.51  263.988
723.305  127.206  254.233  128.074
690.819  288.644  220.581  286.675
618.079  258.089  137.217  250.837
641.684  447.208  150.336  458.547
849.384  258.161  362.969  262.391
648.73  453.495  160.317  463.586
679.046  351.533  202.381  351.244
686.141  348.845  212.27  348.49
821.658  336.747  337.393  332.323
658.07  262.325  185.699  258.235
678.092  420.251  196.898  423.753
812.834  177.246  330.517  187.801
828.652  259.34  346.947  262.531
800.935  164.782  325.947  175.391
929.042  310.258  419.759  308.12
756.823  336.731  283.19  333.31
806.574  320.938  325.175  319.031
771.068  210.043  296.553  213.868
673.562  362.594  195.462  363.918
918.728  163.485  412.43  187.577
795.34  350.487  315.482  346.255
616.587  348.77  131.797  350.866
805.373  294.158  323.919  293.915
664.135  180.738  193.444  172.342
833.04  262.214  351.125  265.955
766.818  295.606  293.364  294.176
795.662  282.365  317.761  282.569
664.414  368.98  186.139  370.099
846.798  228.64  360.493  237.237
651.657  191.145  181.998  182.251
809.818  165.501  331.114  177.304
781.124  256.347  306.73  258.587
616.281  356.088  129.545  359.281
735.991  192.357  264.833  193.3
672.91  367.928  194.471  368.696
700.861  243.643  232.773  240.647
560.462  212.351  62.3126  193.25
710.161  232.929  241.776  231.488
702.084  245.105  233.574  242.25
574.107  356.036  75.2865  361.642
719.692  126.631  249.772  126.079
715.266  153.848  249.394  153.135
791.006  256.28  316.531  257.96
736.203  314.919  263.602  312.71
748.906  226.643  278.327  227.579
647.066  275.495  172.38  271.792
835.971  203.416  352.973  214.043
685.543  260.661  216.203  257.896
737.154  215.402  266.958  215.764
603.571  268.667  119.864  261.586
804.45  283.11  327.288  283.069
738.275  253.161  267.841  253.389
672.067  449.705  188.136  455.563
752.196  180.873  280.361  184.861
629.905  259.481  154.896  252.598
826.714  338.823  342.346  334.711
733.93  238.955  264.542  238.349
704.935  281.645  236  279.902
619.722  367.05  128.378  372.236
696.757  163.921  228.622  159.692
715.03  218.949  243.213  217.487
650.875  250.257  177.357  244.28
628.118  274.91  149.957  270.454
790.325  176.679  320.092  184.021
679.047  213.325  208.81  208.054
862.098  188.265  374.674  202.901
706.363  184.797  239.827  182.848
757.012  269.364  284.74  269.904
741.496  299.937  270.441  298.787
717.263  132.365  247.433  132.225
782.031  173.539  306.997  180.594
833.578  228.858  350.146  236.61
614.802  264.555  136.443  258.172
609.287  291.198  127.895  287.553
794.054  387.767  310.018  381.646
722.48  162.253  254.253  162.684
654.608  388.819  173.591  391.925
712.866  238.005  243.325  236.909
734.068  297.959  262.446  296.052
687.53  266.166  219.295  262.577
746.039  187.26  274.904  190.303
833.219  282.78  352.001  283.176
610.415  264.745  127.778  257.651
719.33  207.878  251.108  207.439
795.733  157.714  318.132  167.607
877.56  453.065  375.116  431.813
758.923  276.74  285.031  277.231
750.712  265.809  280.282  265.154
874.328  367.172  376.421  357.711
806.56  332.982  325.952  328.921
703.409  127.326  235.512  123.732
629.995  271.136  152.333  266.45
802.831  264.347  326.069  265.893
656.058  178.612  185.128  169.77
696.932  156.02  226.189  151.789
845.314  206.806  360.889  216.847
645.583  97.7045  165.555  80.4653
614.667  292.687  132.742  288.663
633.194  283.754  158.465  279.861
561.544  123.231  63.777  88.3672
641.182  162.692  162.369  149.769
574.781  257.149  79.8602  247.984
874.737  452.272  372.781  431.486
862.832  248.685  373.582  254.59
706.358  213.174  238.403  211.429
743.852  202.943  273.228  204.272
703.864  266.067  235.38  264.262
659.082  267.238  187.201  263.48
664.924  117.295  192.901  106.743
658.875  317.651  181.775  316.209
582.797  138.014  94.6031  110.7
800.8  161.501  322.38  172.689
646.824  263.073  172.626  258.573
649.811  446.945  163.558  455.991
686.117  279.397  214.574  276.436
649.9  388.721  169.44  391.9
849.909  189.04  362.866  201.773
726.225  278.103  257.69  277.009
701.461  265.116  233.147  263.182
690.086  245.394  221.145  241.682
918.022  180.122  410.807  200.561
681.484  368.842  204.091  369.962
721.04  256.698  252.641  255.799
707.293  164.055  239.568  162.306
665.805  191.338  195.183  184.575
737.486  201.41  266.841  202.149
849.768  397.946  356.145  385.979
618.629  272.078  139.565  265.868
672.576  380.37  195.891  382.082
696.168  208.32  228.505  205.499
775.439  155.484  301.014  162.748
673.481  212.501  202.625  207.592
764.989  282.854  294.366  281.573
719.109  139.164  249.915  138.346
685.906  240.639  216.503  236.56
812.214  301.678  330.943  300.451
667.835  275.066  195.955  272.183
680.147  367.776  202.669  368.96
638.601  111.498  159.035  94.7626
767.03  301.995  294.833  300.882
763.38  300.173  291.231  299.193
638.305  118.786  156.788  102.623
692.866  237.153  223.465  234.591
748.949  268.397  278.268  267.558
803.287  351.99  320.091  346.929
702.205  246.257  233.678  244.358
806.953  334.9  326.444  330.555
685.443  264.949  215.509  261.397
741.223  232.612  271.47  232.617
744.212  246.087  274.209  245.831
572.702  125.627  74.3367  93.9114
617.002  164.45  136.865  147.325
765.94  267.632  292.813  268.695
795.02  304.357  318.706  303.401
655.943  533.977  163.236  548.974
662.604  278.289  191.474  275.183
580.329  221.639  90.0162  207.416
673.605  371.803  194.473  373.801
855.945  208.941  368.311  220.653
910.243  173.069  404.551  195.066
863.085  355.494  372.048  348.098
668.386  289.308  194.687  287.308
756.383  202.542  285.229  205.031
645.179  298.75  169.547  296.67
882.064  299.929  386.267  300.354
538.475  204.407  32.522  180.42
638.368  282.938  160.778  279.77
534.852  126.687  29.2403  86.5599
891.647  315.801  392.511  313.955
761.279  298.82  289.571  297.879
623.487  455.812  123.268  471.472
856.528  435.623  358.734  418.965
702.914  274.485  233.082  271.823
780.842  278.911  307.091  278.495
695.98  156.629  228.178  153.135
782.821  256.163  308.68  258.562
674.357  380.003  195.891  382.082
719.546  142.082  250.37  141.281
711.728  257.669  241.537  256.583
622.347  279.009  142.583  273.755
580.322  233.598  90.8442  219.972
772.677  290.082  297.328  289.165
811.157  181.465  329.279  191.295
724.337  128.871  255.507  130.072
787.88  257.998  313.37  260.458
606.759  281.698  122.256  276.308
726.528  291.525  255.581  289.484
768.386  270.721  294.655  271.785
612.533  291.727  130.816  287.361
731.638  249.825  262.584  249.763
674.329  372.903  196.3  373.524
813.864  193.872  336.241  202.393
544.294  141.364  37.0489  105.615
658.684  388.737  177.743  391.474
735.976  181.681  265.111  182.693
728.641  202.161  257.945  203.08
781.128  258.383  306.742  260.644
694.613  272.038  225.941  268.81
843.934  297.512  361.236  297.201
703.811  160.2  235.559  158.013
769.52  281.548  296.124  280.782
652.64  455.842  165.141  465.533
772.449  245.424  298.148  248.218
730.566  175.177  260.37  175.603
611.249  295.497  129.591  291.415
706.245  257.652  234.961  256.458
847.547  208.291  362.252  219.429
621.844  356.091  135.489  360.172
775.092  209.344  300.777  213.31
845.591  257.866  360.158  262.934
606.833  360.241  115.593  365.899
635.955  165.272  158.538  151.468
781.187  262.955  306.822  264.91
792.41  342.962  311.701  338.72
614.821  163.815  133.735  146.19
767.688  268.058  293.771  269.321
688.921  231.279  220.35  228.273
636.723  459.217  143.223  472.839
580.169  258.877  89.2742  249.019
810.123  240.701  327.352  246.485
545.647  138.791  41.0717  103.996
765.597  160.979  292.141  166.537
646.209  104.152  169.734  87.499
687.672  392.065  208.432  393.855
856.104  434.397  359.678  417.483
884.255  210.223  388.655  222.844
708.702  237.878  240.483  236.473
780.003  272.944  305.224  274.264
668.53  362.003  190.045  362.547
668.432  267.147  199.054  263.736
598.866  296.802  112.836  294.035
577.603  208.169  87.6835  191.569
883.431  301.052  386.267  300.354
771.931  178.26  297.621  184.929
737.693  197.781  265.971  198.621
564.584  249.717  65.852  237.5
610.134  452.111  112.924  467.812
613.858  166.645  133.149  150.335
571.48  350.383  70.0586  355.409
690.543  231.359  221.175  227.375
771.931  296.782  298.07  295.108
691.359  247.792  222.642  245.293
857.626  435.858  360.488  418.697
719.224  171.01  250.414  171.114
641.938  445.906  152.546  456.801
658.013  535.926  164.383  551.056
609.785  293.928  127.811  289.607
625.281  120.335  149.541  101.511
567.637  267.322  70.893  258.124
721.849  298.443  250.02  296.302
600.391  265.715  114.76  258.055
665.576  262.404  194.802  258.849
756.21  276.717  282.76  277.266
578.82  236.65  88.3184  223.295
776.351  256.511  302.012  258.811
861.644  247.62  373.582  254.59
679.902  353.753  203.631  353.158
818.51  342.229  334.678  337.084
688.625  292.081  218.147  289.109
806.265  334.097  324.562  331.31
649.887  195.622  179.056  185.782
705.711  158.186  238.242  156.3
798.072  165.407  320.877  176.054
793.685  259.575  319.531  260.782
744.683  265.928  275.338  266.024
697.37  133.199  228.492  128.413
617.173  274.814  136.625  268.815
880.441  353.463  382.92  346.45
837.597  201.569  354.021  212.797
665.711  308.892  192.083  306.375
739.958  279.64  267.013  278.383
754.705  278.259  282.049  278.607
780.755  315.945  305.653  314.342
788.956  200.471  314.315  207.395
544.371  135.618  37.477  99.9203
602.137  157.489  117.29  136.735
705.777  249.14  237.306  246.291
600.693  238.906  116.014  229.25
718.137  202.589  247.726  202.491
588.745  374.812  93.3452  382.058
570.554  247.059  77.6463  235.807
781.305  160.861  306.085  168.42
698.003  163.703  230.14  160.753
714.503  147.507  245.966  147.066
809.747  164.995  331.063  175.743
630.697  119.879  146.498  100.926
809.74  325.85  328.307  323.643
737.677  185.558  266.548  186.581
779.112  314.162  304.282  312.707
720.639  259.198  250.354  258.697
842.359  297.536  356.186  296.668
774.721  289.797  299.64  288.707
741.388  234.255  271.767  234.031
675.721  258.706  205.817  255.626
644.77  450.88  156.04  461.671
567.103  185.434  71.2383  162.442
771.903  162.772  298.059  170.339
680.548  201.519  210.603  195.787
641.074  284.486  162.81  281.838
702.238  400.208  222.843  401.115
641.102  137.993  163.683  124.196
615.164  297.25  132.818  293.539
618.206  163.277  137.908  147.481
835.16  365.864  347.168  359.169
854.781  333.661  365.69  329.624
652.681  117.752  175.667  104.85
802.512  353.677  329.472  345.912
668.244  307.729  194.793  305.131
830.664  209.357  347.87  219.281
846.619  350.656  359.081  344.684
665.457  492.768  174.118  502.357
622.002  466.082  124.935  483.218
741.417  296.677  268.54  294.802
674.423  200.281  203.519  195.243
736.561  209.987  266.185  211.602
697.921  208.755  230.375  206.326
861.85  190.467  372.038  203.886
645.193  114.344  165.672  98.1177
706.395  221.621  238.33  220.144
546.979  274.685  42.0729  267.008
656.825  288.686  184.884  286.103
669.808  451.451  180.109  459.693
920.915  207.145  414.175  222.811
681.77  200.33  211.469  196.158
724.293  145.304  252.844  145.153
852.021  399.703  358.405  388.486
812.339  301.753  332.835  301.428
852.289  381.102  359.968  371.906
599.57  238.745  113.383  227.694
789.987  223.903  314.84  229.29
702.461  284.21  233.294  282.733
704.951  254.328  236.542  251.34
800.279  160.843  323.969  172.139
630.233  318.722  153.445  316.493
662.476  295.371  188.419  293.682
569.27  168.525  75.4617  142.981
704.783  176.989  237.37  173.679
608.78  297.62  127.74  293.354
618.443  279.674  137.593  274.168
725.565  180.677  256.415  180.142
914.251  335.141  407.782  328.706
678.005  356.899  201.95  356.271
736.959  237.562  266.958  238.454
716.758  125.587  248.982  124.129
695.662  160.436  228.419  155.621
647.708  132.597  168.838  118.285
701.377  261.528  232.71  259.905
756.255  296.824  281.868  295.17
744.865  221.497  274.393  221.977
659.354  276.192  187.915  273.105
691.374  274.492  223.625  270.813
662.106  248.838  190.587  244.678
611.982  256.5  131.342  249.663
738.551  298.007  268.665  297.048
678.052  445.673  195.468  449.036
683.713  260.264  213.12  256.341
770.005  256.316  296.185  258.503
839.618  205.165  356.347  216.199
710.635  201.619  239.235  199.364
893.282  177.478  391.873  197.479
715.751  510.563  227.992  511.877
720.64  128.524  250.873  129.335
723.969  255.852  254.025  255.621
873.943  355.806  377.124  349.04
831.728  235.365  349.629  240.912
702.818  282.103  234.32  280.586
577.652  339.195  83.6586  342.667
716.18  155.85  248.712  155.711
723.751  210.384  253.275  209.307
666.946  290.29  196.577  286.4
765.097  283.995  291.733  282.822
604.897  390.642  109.67  399.243
660.675  116.526  185.045  103.765
764.792  263.73  290.981  265.36
801.615  281.589  323.025  281.565
662.373  132.84  185.053  121.421
571.471  126.667  78.4984  94.5724
596.547  120.187  109.7  93.2072
684.449  277.549  215.014  273.836
804.221  161.348  329.199  171.415
542.736  139.625  36.0819  102.891
761.731  162.83  289.906  167.49
835.191  188.577  352.936  199.486
673.402  245.263  203.091  240.122
729.454  249.178  260.223  249.293
662.131  252.596  190.625  248.654
653.922  533.174  160.868  548.963
811.961  298.123  331.324  296.804
725.038  283.95  255.339  281.565
683.24  226.72  214.011  223.413
637.444  131.434  157.998  114.845
675.127  367.286  196.575  369.242
585.732  137.867  97.4423  110.853
718.431  256.272  247.49  254.266
703.089  392.807  223.654  393.773
651.781  276.589  179.016  271.684
673.502  216.084  202.62  211.637
757.574  259.361  284.43  260.925
738.323  235.511  268.104  236.655
749.19  268.575  279.264  268.981
651.195  120.05  172.595  107.127
671.419  243.399  202.072  239.576
703.533  265.59  234.734  262.491
580.716  174.991  89.4873  152.535
672.794  364.27  193.253  366.461
735.464  185.241  264.068  187.567
737.595  184.053  266.754  184.919
840.111  334.691  355.293  330.698
677.542  240.638  207.946  237.267
818.116  331.551  334.653  327.227
641.102  137.993  162.953  122.665
725.522  167.898  257.348  169.08
642.58  300.155  166.763  298.416
578.908  117.812  91.1404  86.124
652.377  90.2032  176.562  75.4409
662.87  373.053  182.349  376.217
664.499  312.371  190.944  309.754
903.726  296.344  399.711  298.298
721.58  221.368  251.788  219.815
876.834  351.517  380.873  344.966
808.314  199.021  328.263  208.323
744.011  216.831  274.525  217.202
731.653  296.92  259.417  294.718
676.443  261.192  208.02  258.206
828.38  262.826  348.169  266.663
660.031  239.866  189.072  233.395
715.482  211.724  244.52  209.817
625.327  428.723  136.992  439.826
807.673  325.985  324.848  322.578
674.276  224.86  203.789  219.059
770.278  295.294  294.741  295.543
648.113  200.249  178.301  191.896
717.41  246.763  247.909  246.326
886.526  408.54  384.177  392.086
722.359  219.438  251.214  218.102
710.451  296.25  242.098  294.925
905.906  311.007  402.666  310.273
755.55  294.741  284.111  294.333
648.289  265.945  174.82  262.033
683.317  368.342  205.955  369.761
796.053  222.464  317.644  228.864
722.775  204.203  252.503  204.781
630.618  163.55  152.969  148.351
806.484  279.487  325.786  279.91
821.952  242.261  340.267  246.615
847.851  351.772  358.448  346.202
563.388  303.668  61.3345  300.585
892.166  315.046  391.488  312.155
787.32  325.565  307.852  322.337
622.96  256.201  140.375  248.892
559.387  263.499  61.4849  254.459
538.105  202.722  31.3792  177.996
679.89  258.554  210.071  254.115
652.492  99.6139  173.978  83.7448
774.759  172.515  300.085  178.322
872.62  193.878  380.592  209.377
667.892  260.726  195.607  257.749
749.049  181.631  276.83  185.754
834.896  281.895  352.947  282.029
726.259  219.975  255.903  218.834
802.027  188.909  325.082  198.325
834.462  230.889  351.059  238.934
658.719  128.126  181.291  115.561
881.761  414.29  380.514  399.23
705.903  146.783  237.709  145.182
794.533  341.125  313.193  336.7
617.68  259.785  139.892  253.605
661.28  180.517  190.665  173.019
725.031  143.169  255.437  142.88
568.808  259.488  72.4825  250.662
831.701  261.825  349.211  266.232
580.602  235.743  90.9145  222.098
804.275  322.148  324.261  320.494
831.654  387.374  343.544  376.9
917.849  164.155  411.238  188.643
613.922  286.688  132.509  283.366
718.014  267.093  250.629  266.208
879.478  201.108  387.348  214.089
717.809  129.754  248.48  130.206
695.828  158.672  228.271  155.574
740.723  285.28  269.704  283.228
619.28  252.179  139.734  243.732
623.64  161.525  145.973  144.803
532.897  139.093  29.8038  99.659
659.449  179.275  189.268  171.44
865.402  191.717  376.548  204.85
652.94  532.141  159.389  548.402
725.674  206.145  255.79  207.02
691.065  249.095  222.604  246.914
839.776  305.77  358.11  304.784
895.906  316.39  396.097  314.764
600.99  238.695  115.521  227.482
839.067  202.868  355.977  214.312
773.558  282.325  299.764  281.197
747.77  292.932  276.284  292.692
663.215  297.625  188.391  296.426
880.34  209.952  385.536  221.968
731.089  213.084  260.713  214.41
804.413  351.72  326.885  346.804
917.445  184.684  410.916  203.754
772.283  315.991  301.268  314.142
615.097  452.589  119.342  469.079
706.494  219.755  238.424  218.559
546.859  272.998  43.4219  265.078
593.775  162.46  109.319  140.349
615.367  274.594  134.728  270.107
917.879  406.691  404.715  388.847
723.414  290.517  253.599  287.811
740.899  200.304  270.276  200.905
801.61  265.421  326.239  266.086
550.075  285.469  46.8461  278.171
659.685  284.464  191.498  279.492
604.133  157.353  122.631  138.543
773.914  263.573  299.491  263.717
568.338  293.233  71.7674  287.862
644.811  268.938  169.496  265.356
714.619  243.397  244.554  243.02
671.561  231.573  202.07  227.535
633.796  279.915  155.388  276.852
757.937  294.557  286.133  294.356
834.373  277.97  353.988  280.255
883.404  299.014  386.24  298.204
856.234  376.078  361.438  365.951
585.89  245.981  95.6813  234.406
685.385  156.735  216.164  150.035
787.762  339.896  306.73  335.78
645.42  449.493  157.286  460.294
577.528  161.067  86.7215  135.637
578.055  293.49  85.8658  288.21
772.991  258.031  298.532  260.557
798.885  163.638  321.068  172.884
847.388  188.248  363.385  200.044
810.508  280.859  330.622  280.857
852.067  201.2  365.858  214.021
643.933  270.203  168.015  266.754
566.386  308.802  63.6016  306.739
690.289  238.151  221.232  233.791
652.395  119.923  176.676  107.448
882.672  331.171  379.827  326.814
658.684  388.737  177.036  393.313
556.325  128.33  56.2443  92.4947
846.215  351.882  358.448  346.202
851.44  242.738  362.979  248.549
617.885  264.367  140.264  258.75
730.871  214.879  260.694  216.212
808.156  295.282  329.493  293.682
683.514  288.873  215.051  287.097
694.528  152.783  226.792  147.369
800.513  157.894  324.552  167.613
723.092  285.969  253.907  283.158
798.457  177.884  315.051  186.377
687.86  246.344  218.257  241.97
655.945  195.495  185.442  186.004
883.404  299.014  386.267  300.354
807.406  283.254  328.769  282.763
834.887  410.885  344.226  400.129
883.285  314.805  385.914  311.575
875.66  358.136  379.465  351.028
569.314  249.707  76.9913  236.884
583.386  389.577  87.1548  398.649
673.493  124.892  203.943  114.86
774.63  270.894  300.073  272.75
885.426  384.116  383.504  371.227
650.757  340.59  171.675  340.074
830.955  185.59  348.228  196.237
742.821  242.061  272.781  243.523
915.378  197.612  408.856  214.285
746.663  268.75  277.072  269.309
603.06  385.017  113.526  393.665
832.626  232.003  348.705  240.12
661.375  489.846  173.296  500.782
750.308  190.963  277.998  195.108
729.254  308.478  256.404  305.829
707.699  239.357  238.998  238.471
849.99  220.094  364.447  230.481
714.942  258.513  244.854  258.162
859.932  246.315  372.438  253.864
638.381  297.805  159.228  294.27
559.876  294.953  58.4741  292.091
542.42  128.953  34.9125  91.8594
724.38  266.383  255.329  266.215
834.723  185.106  352.35  196.03
801.363  299.725  320.355  298.214
666.268  236.501  195.693  230.104
716.758  125.587  248.538  126.052
786.917  155.9  307.993  164.21
798.072  165.407  321.033  174.236
670.557  234.091  198.996  228.091
662.412  244.812  190.927  240.889
554.251  268.082  54.9154  257.372
778.08  158.445  303.363  165.214
554.089  252.386  53.0511  239.016
624.781  163.521  144.853  147.06
727.744  207.63  257.587  208.935
631.316  279.641  153.409  276.511
648.73  453.495  159.1  464.801
788.126  303.195  310.753  303.359
827.754  340.91  342.227  337.557
659.141  113.9  182.022  100.239
811.267  166.329  330.917  176.718
626.814  285.38  151.154  279.694
647.73  108.365  169.218  91.7557
612.213  352.479  126.31  354.347
821.974  219.128  340.307  225.502
665.998  319.039  191.221  316.568
641.884  265.611  166.343  261.835
714.847  149.331  245.966  147.066
644.497  264.526  170.52  260.657
806.093  163.706  329.322  175.925
651.973  285.564  181.114  282.941
820.71  342.134  335.676  336.532
724.57  214.678  254.075  213.191
781.064  292.017  306.673  292.572
893.273  296.78  394.284  296.017
661.416  165.386  190.993  157.418
637.516  302.925  157.774  299.733
772.03  185.079  297.276  192.041
754.848  184.882  282.031  189.889
926.606  274.41  423.546  279.409
646.085  371.97  162.928  374.188
899.219  302.87  397.668  303.872
707.467  237.358  238.67  236.575
833.241  224.532  349.133  231.143
677.802  221.432  206.888  215.545
881.892  299.565  386.24  298.204
703.283  158.084  236.296  156.412
691.087  240.834  222.338  238.851
891.28  298.365  392.609  297.357
788.552  258.792  313.926  261.934
721.173  263.834  251.132  263.831
784.525  159.825  309.925  169.736
863.334  369.578  368.192  359.4
874.948  369.512  376.268  359.012
724.925  290.996  254.013  288.218
726.293  306.698  253.475  303.944
797.269  353.782  317.905  349.916
776.061  260.076  301.534  260.24
909.373  313.155  406.131  309.621
894.486  474.517  386.511  450.262
841.313  185.282  359.607  196.508
893.367  298.012  392.609  297.357
606.439  158.639  124.066  138.175
661.443  193.188  190.057  184.179
836.296  289.424  354.453  290.878
756.629  252.122  284.009  254.392
765.225  159.821  293.615  164.564
741.017  191.74  271.997  192.159
623.444  328.304  139.075  330.207
594.063  227.289  105.562  213.734
757.028  292.182  285.847  292.291
763.206  158.679  290.445  163.275
831.718  229.443  348.961  235.196
620.316  162.488  141.56  147.565
855.65  387.434  361.988  377.995
706.113  208.412  238.154  207.485
759.988  296.929  287.052  297.115
812.789  183.837  333.192  192.623
734.09  284.886  259.569  282.944
810.312  239.439  332.332  245.419
787.609  280.908  312.411  282.514
915.236  291.192  409.757  294.235
689.599  248.33  221.879  246.313
758.986  261.656  285.656  263.692
710.701  285.182  240.393  282.02
597.762  154.045  112.808  131.291
605.306  289.128  122.032  283.491
740.994  171.53  270.129  175.332
867.087  229.684  377.125  237.474
619.596  377.85  131.165  382.478
834.447  203.909  350.813  215.395
724.721  171.149  256.346  172.699
596.337  118.963  109.549  91.2142
768.298  152.381  296.261  160.609
923.349  317.613  414.206  313.518
924.853  258.856  417.873  264.807
729.218  252.14  259.924  252.746
595.733  293.21  115.331  289.747
704.312  219.519  237.04  218.425
674.152  353.114  198.142  351.851
678.577  157.015  208.79  151.631
819.876  334.727  335.483  329.63
689.618  139.928  220.81  135.91
544.712  171.216  37.5964  140.861
614.041  291.102  132.742  288.663
648.295  104.459  169.734  87.499
801.119  352.959  317.389  347.194
791.393  304.289  317.161  303.896
773.05  295.353  298.413  295.947
740.643  231.01  272.139  229.997
732.487  250.017  264.088  250.75
858.211  212.692  371.201  222.009
631.843  257.777  156.391  252.815
814.084  191.822  333.804  202.784
656.652  187.16  186.547  176.964
786.26  159.906  311.726  167.349
664.423  274.864  191.039  270.077
891.598  303.326  392.741  301.4
623.109  163.219  143.082  146.2
675.115  449.605  191.209  453.164
579.287  164.686  88.4859  139.787
860.516  290.752  362.476  291.723
729.024  225.509  259.141  223.938
718.481  264.785  248.87  261.892
678.53  367.157  202.669  368.96
882.695  329.525  398.028  323.775
806.357  357.919  322.2  351.387
594.636  378.706  96.4314  389.132
662.451  259.349  192.261  256.195
842.424  219.498  358.05  229.806
676.286  240.276  207.418  234.402
677.018  220.179  208.756  216.61
775.632  281.23  301.345  279.791
898.952  472.4  389.1  445.309
681.143  241.093  212.038  238.582
658.525  109.944  181.141  95.6393
572.128  274.201  73.9019  268.835
641.666  350.857  162.595  350.695
781.128  258.383  306.73  258.587
668.079  374.002  190.062  374.014
738.668  329.971  265.244  329.332
691.133  284.745  223.221  280.469
646.672  150.04  169.448  136.059
901.642  172.615  397.023  194.96
630.843  131.489  146.983  112.885
617.698  369.101  131.009  372.402
628.192  259.718  152.336  254.763
861.468  354.613  372.048  348.098
585.381  291.926  91.8741  286.641
850.901  353.503  363.671  347.555
739.071  261.757  268.259  262.911
750.049  266.861  278.743  268.272
613.833  296.079  131.737  294.392
664.339  557.522  169.764  573.644
577.844  386.783  78.7644  395.829
648.485  121.643  171.054  108.943
653.95  271.754  186.612  265.245
599.103  164.106  118.808  145.629
719.896  261.963  248.297  259.342
906.078  329.797  401.617  323.701
744.321  239.489  276.018  241.334
734.663  243.772  264.495  242.067
708.158  248.081  240.35  247.508
816.476  230.506  338.63  237.777
630.945  134.951  146.833  116.656
572.451  262.064  77.0734  251.425
718.056  123.418  250.633  121.386
879.557  415.142  382.366  399.73
677.745  369.307  197.789  372.303
623.433  117.958  145.115  99.4255
630.866  291.262  153.56  286.146
776.366  296.828  302.978  294.052
695.801  262.465  227.973  261.259
657.183  292.675  184.214  288.139
635.449  341.06  153.458  340.725
617.663  265.73  141.04  260.619
603.896  314.359  121.491  311.031
642.166  547.413  148.205  567.552
752.289  172.814  280.949  178.252
729.528  227.213  260.149  225.409
726.941  205.106  258.11  206.664
753.31  279.268  281.3  280.413
782.147  270.391  308.341  272.79
871.225  226.941  377.622  238.719
837.048  186.435  354.431  196.942
793.448  157.181  321.255  165.324
933.206  309.008  419.582  306.499
651.195  120.05  174.007  107.914
833.478  187.15  350.634  197.317
788.161  271.359  313.494  273.922
728.476  216.307  259.494  214.56
737.664  180.98  268.167  181.034
818.39  188.168  337.705  200.101
704.265  216.742  236.053  216.006
786.23  295.679  313.717  296
585.598  269.333  100.923  262.965
895.914  275.657  399.441  280.642
698.733  368.784  220.685  370.437
715.153  306.733  241.818  303.648
815.573  358.918  333.48  354.244
803.064  354.812  323.806  350.831
588.409  313.582  95.062  311.248
827.864  387.561  339.111  376.895
563.878  311.462  63.4807  308.654
802.401  272.778  323.087  272.748
600.687  270.897  445.449  222.987
918.861  316.657  411.155  315.884
704.526  225.583  233.699  225.233
802.366  176.402  325.061  184.283
895.994  317.772  393.718  317.214
742.413  214.32  272.654  213.823
848.417  359.726  359.363  353.852
613.357  317.238  130.261  314.518
918.085  154.09  410.224  177.705
553.999  267.162  55.1983  255.626
652.792  200.154  183.092  193.276
577.839  202.934  87.8269  183.236
799.455  270.518  322.527  270.211
723.034  247.634  253.845  248.356
618.019  322.458  136.334  323.662
688.083  259.54  218.761  258.243
679.475  363.102  201.638  365.554
699.81  242.368  230.359  238.108
831.669  225.425  349.133  231.143
847.95  185.136  363.997  196.612
648.875  103.167  169.802  85.851
919.605  314.769  412.018  314.336
670.407  250.276  199.726  244.145
852.533  355.166  363.75  349.524
638.436  286.274  164.488  280.434
779.179  158.323  306.204  164.502
846.104  340.954  355.444  334.397
643.139  192.48  172.11  183.946
636.345  272.921  161.987  269.723
783.028  274.81  309.132  277.119
596.42  142.167  113.748  120.7
735.307  295.031  262.438  292.038
858.326  404.605  364.804  393.011
602.729  351.335  114.503  352.92
774.006  226.169  299.587  227.794
700.863  271.164  232.088  266.944
646.221  100.031  165.5  81.756
853.44  402.12  356.87  388.579
911.329  171.892  405.855  195.457
643.267  255.945  168.967  252.105
779.427  267.304  305.395  266.396
726.939  218.096  257.93  215.959
869.12  230.333  376.86  237.882
586.136  235.305  96.468  225.119
727.401  189.571  256.701  191.87
601.961  173.626  121.481  153.447
735.966  296.005  261.068  293.295
613.427  310.921  129.675  307.533
807.241  245.608  332.414  251.029
790.239  200.703  315.459  208.959
787.372  369.069  303.258  362.636
728.79  211.081  259.093  213.079
698.826  224.77  227.778  224.134
645.253  390.323  160.006  397.468
707.074  164.353  240.047  163.942
679.34  162.878  211.803  158.24
663.677  113.491  184.279  100.079
687.676  257.369  217.639  252.398
916.509  407.783  403.634  388.899
781.083  268.316  306.893  271.229
663.428  370.666  186.173  370.091
864.899  189.083  378.299  201.323
815.301  205.964  333.84  212.472
663.741  271.829  192.793  269.908
721.309  232.835  252.641  229.881
642.832  263.228  168.02  260.007
877.286  354.244  381.563  348.316
793.644  380.581  308.366  372.923
578.726  222.065  89.0968  205.121
548.696  306.415  47.6919  301.55
783.417  159.568  310.581  166.015
842.116  391.934  348.039  380.262
646.631  260.633  171.278  257.622
824.461  232.181  342.84  236.547
583.7  359.795  84.4538  364.502
820.351  168.21  338.75  178.663
638.939  133.537  159.124  116.27
645.511  88.5697  167.703  69.0848
645.42  293.977  164.543  289.859
788.654  181.583  313.783  191.23
756.426  199.771  283.999  205.07
740.278  264.528  271.56  265.833
721.375  240.453  252.019  241.481
585.696  136.486  97.445  108.061
691.17  282.416  226.321  281.197
811.539  281.829  333.008  280.469
631.68  253.398  156.26  248.719
605.147  398.073  108.922  406.461
722.01  249.133  253.123  250.039
691.855  246.212  222.618  245.234
840.65  211.129  356.84  222.877
763.289  302.231  298.53  301.332
746.061  247.522  276.703  249.821
763.164  155.773  290.761  159.729
564.839  309.982  63.6016  306.739
607.22  291.219  126.205  289.037
805.902  254.85  327.65  260.088
758.043  234.176  288.187  233.61
805.78  326.132  322.893  321.582
923.853  275.154  419.105  281.302
595.625  291.94  109.438  285.687
858.471  357.436  368.01  351.672
662.246  130.963  188.046  122.265
587.301  150.466  99.2413  124.346
876.597  227.469  383.808  239.703
788.946  189.436  314.104  198.656
580.946  165.455  89.1012  140.328
883.042  273.157  386.957  279.245
600.774  236.462  111.733  228.437
923.066  221.557  416.312  237.654
677.792  216.303  206.751  209.35
734.974  350.176  260.672  349.904
741.724  227.918  273.631  226.268
563.124  274.573  66.2046  264.571
683.937  138.106  215.235  133.817
609.624  343.93  123.244  348.474
639.242  275.879  164.909  273.466
840.947  220.149  356.928  231.041
579.825  153.934  89.2143  126.686
780.01  158.969  304.15  164.971
875.465  213.162  382.761  223.001
768.978  245.285  295.552  249.495
768.593  256.244  295.569  255.218
912.039  267.969  406.608  271.454
725.977  288.274  255.843  284.442
921.288  476.149  403.274  445.603
776.6  236.823  302.226  237.459
778.298  278.868  303.912  281.417
673.859  269.555  204.765  268.217
680.682  359.64  205.031  357.297
587.574  154.422  98.7861  128.727
788.448  232.601  314.153  238.756
583.394  125.399  95.604  94.4869
682.293  367.079  205.955  369.761
737.589  286.908  260.192  284.43
743.406  293.77  266.748  290.974
825.27  212.305  343.208  223.212
836.014  183.052  353.215  193.107
602.704  121.57  115.637  94.6478
639.768  368.394  156.167  369.482
741.474  204.795  270.55  203.933
579.039  201.024  87.8945  180.624
877.379  419.9  377.133  405.949
677.985  214.743  206.873  207.465
788.143  187.022  313.431  196.657
789.487  177.398  315.388  187.816
717.572  228.63  248.707  224.951
615.5  153.029  134.779  137.407
678.024  220.98  206.763  213.89
707.845  233.087  236.074  228.927
877.453  361.685  381.188  355.326
744.884  295.648  267.822  292.724
842.424  219.498  356.928  231.041
713.659  281.271  247.414  281.484
748.76  266.948  280.313  268.906
808.248  364.905  327.443  360.817
689.034  137.952  220.518  134.93
644.97  281.004  171.695  279.461
670.141  270.222  200.968  268.965
604.348  405.403  109.125  413.841
643.242  280.173  170.26  278.499
639.004  270.198  161.54  268.209
656.738  246.124  181.209  238.461
793.183  237.576  319.466  243.772
865.116  183.447  376.693  195.967
650.82  125.102  174.312  108.999
654.805  181.007  185.176  174.206
920.843  311.505  413.285  312.433
569.038  294.888  74.5215  293.223
647.631  281.745  175.206  280.371
751.152  164.458  282.956  165.625
667.954  363.563  189.796  367.451
595.139  169.435  110.208  146.859
912.974  174.078  408.632  198.096
900.725  281.855  396.09  282.817
721.311  238.674  251.975  240.367
834.423  250.094  346.993  258.356
630.381  254.978  152.94  251.193
634.306  155.999  158.582  138.955
642.261  259.489  168.923  256.529
628.553  293.574  149.043  287.737
791.249  197.144  316.699  206.552
748.011  182.278  280.311  187.717
793.078  204.412  318.441  213.445
580.672  131.704  88.2216  106.187
546.084  267.476  43.3561  260.119
616.85  358.121  127.327  365.341
642.42  250.191  166.733  246.974
728.505  203.603  258.11  206.664
660.062  248.591  189.842  246.129
852.652  383.036  360.553  375.636
615.944  161.226  135.779  141.278
802.889  187.778  322.501  199.588
905.714  281.65  400.862  282.343
719.849  143.607  250.651  140.556
637.602  298.882  161.326  293.195
780.721  272.507  306.024  276.139
618.473  177.141  135.445  159.402
796.058  165.488  319.094  172.376
833.064  407.19  345.092  398.173
621.634  322.975  140.772  325.321
663.264  112.09  185.65  97.5139
712.374  147.023  241.709  142.739
872.274  290.977  382.595  288.403
666.795  240.976  196.656  238.863
688.292  133.197  219.637  130.304
730.764  225.831  260.465  222.911
651.576  100.491  174.385  88.3463
811.539  281.829  333.008  280.469