1066
608.727  277.787  121.451  272.077
748.575  270.425  277.998  270.472
620.48  157.217  132.018  138.048
660.453  538.147  168.052  552.212
668.06  168.025  195.189  160.365
896.245  303.608  396.37  303.089
909.682  207.686  407.748  223.507
657.694  301.858  182.038  299.403
663.295  131.542  187.634  120.186
647.427  290.946  170.879  287.737
810.403  205.465  331.319  213.644
777.088  278.839  302.82  279.259
673.668  361.267  196.925  360.931
785.54  253.524  310.748  256.174
800.988  222.138  324.031  228.268
723.072  209.09  252.229  208.995
580.863  289.031  89.8991  283.894
794.744  175.835  318.064  184.822
630.388  533.514  131.122  555.552
723.094  297.521  252.368  295.895
802.979  173.995  325.357  184.114
767.039  278.093  293.551  278.23
806.207  167.977  328.809  179.294
654.351  284.335  179.235  281.006
646.35  281.999  171.558  278.292
726.415  287.26  258.48  286.004
669.543  534.151  177.289  546.367
703.944  265.762  235.621  264.119
745.596  248.869  274.856  249.716
648.531  148.623  171.062  135.683
754.283  257.539  281.605  258.233
681.114  292.604  210.22  290.221
809.198  184.977  330.751  194.999
601.926  230.934  117.643  219.884
677.64  260.961  208.668  258.096
708.799  165.202  240.256  164.251
649.608  116.023  172.597  100.865
824.009  209.905  343.403  219.099
592.799  238.143  106.975  227.306
736.689  280.627  265.992  279.846
653.053  250.29  180.645  245.361
715.584  295.239  245.077  293.576
674.676  215.425  203.5  210.758
822.973  195.233  341.036  205.203
726.507  298.828  255.851  297.142
875.416  210.362  381.641  222.821
635.601  264.646  159.317  259.475
691.906  287.29  221.805  285.201
649.538  295.687  172.746  292.85
546.248  291.699  39.4609  285.942
744.512  328.859  270.08  326.241
802.194  278.089  325.663  279.305
622.9  281.662  141.25  276.949
650.573  299.566  173.746  296.966
568.842  271.283  71.1045  262.81
742.638  264.641  268.409  264.377
566.186  207.73  71.0015  189.232
794.368  287.86  318.577  288.103
874.509  200.539  379.963  214.027
707.342  279.937  238.971  278.394
778.269  240.959  303.81  244.106
836.728  203.721  353.835  214.553
662.84  302.34  188.196  300.046
672.729  127.752  199.923  118.724
779.267  289.789  305.402  289.583
838.32  243.491  353.606  249.752
601.341  248.847  116.211  239.668
836.958  206.038  353.914  216.776
712.901  239.459  244.095  238.46
687.927  158.618  219.116  154.7
754.108  276.268  283.21  276.314
651.373  281.888  176.637  278.436
731.852  250.681  262.398  250.624
649.513  119.811  173.058  105.123
630.127  355.734  145.882  357.392
729.591  249.63  260.345  249.678
650.239  290.563  174.421  287.317
748.627  193.129  276.729  196.165
770.595  278.841  296.618  279.15
725.651  200.633  254.583  200.983
690.433  287.37  219.744  285.267
636.571  156.041  162.609  143.541
681.724  341.472  206.77  340.292
677.433  354.932  201.492  354.291
667.177  501.799  176.258  512.239
650.184  293.925  173.513  291.045
718.886  166.018  250.224  166.402
759.014  232.405  286.105  234.723
680.003  515.288  190.122  523.615
802.385  278.478  327.639  279.951
841.137  244.764  355.279  250.95
872.853  226.382  380.391  236.625
724.461  203.736  253.485  203.951
637.035  312.412  159.225  310.534
793.814  197.53  318.259  205.258
634.306  125.9  156.725  109.005
570.217  128.28  73.3464  96.2437
806.907  186.714  326.928  195.518
799.363  178.503  326.699  189.391
581.487  243.987  92.3644  232.732
669.838  499.864  179.287  509.671
730.189  213.237  259.256  213.922
686.977  274.575  215.888  272.232
837.047  225.71  354.007  234.004
747.734  201.133  276.385  203.702
681.664  516.457  191.842  524.496
847.223  220.01  361.183  229.726
614.129  347.518  128.338  349.196
646.766  524.584  152.083  541.302
595.802  266.01  110.357  258.517
588.716  273.277  100.073  266.491
750.983  279.242  280.568  279.098
580.329  277.922  90.2877  271.425
696.867  268.655  228.144  266.554
695.706  263.743  227.532  261.637
725.153  304.656  253.673  302.716
761.916  258.493  287.504  259.562
611.567  248.353  126.814  239.587
827.255  271.404  345.462  274.216
810.241  278.908  330.804  280.383
665.904  262.833  193.865  258.992
676.816  293.845  205.854  291.283
585.714  282.868  96.3553  276.9
737.288  215.415  265.926  216.705
751.992  266.256  280.334  266.394
701.845  264.817  233.533  262.95
742.45  239.891  267.776  240.347
601.731  145.707  113.731  122.97
660.689  373.543  182.46  374.604
677.64  260.961  206.983  257.714
761.662  177.189  289.593  182.694
849.046  226.925  365.92  236.421
603.093  252.42  118.392  244.042
635.937  274.751  159.437  270.393
689.915  247.44  221.582  244.902
726.679  220.455  256.049  220.79
677.533  282.784  205.19  280.284
896.626  273.836  395.808  277.796
723.021  127.145  253.997  128.263
663.898  413.606  186.114  415.512
724.797  298.931  253.795  297.088
746.864  268.758  274.815  268.491
785.885  183.741  311.376  191.723
727.692  201.185  256.671  201.468
743.586  173.554  271.754  176.201
771.581  229.693  297.107  232.67
658.207  260.111  183.336  255.505
652.603  521.091  158.292  536.141
846.666  222.829  362.827  232.769
633.738  281.069  159.074  276.796
842.65  206.314  357.043  217.18
720.141  296.149  249.529  294.692
611.049  288.722  126.703  284.16
795.242  229.632  318.829  234.889
816.084  285.321  336.199  285.964
770.614  291.978  297.184  291.561
579.429  243.051  89.5181  231.8
661.12  165.552  191.328  157.704
835.141  209.215  350.966  218.695
602.41  282.837  111.796  277.171
751.109  269.654  280.275  269.611
715.421  243.423  244.567  242.551
587.829  253.596  101.372  244.541
613.346  373.14  121.236  377.916
751.45  277.621  280.039  277.598
592.568  241.608  107.371  230.995
593.623  284.365  104.176  279.164
710.219  208.768  239.324  207.613
638.15  310.94  161.11  309.068
754.209  268.657  283.121  268.773
900.399  172.465  396.639  191.114
682.224  346.134  207.786  344.643
824.677  287.468  344.14  288.53
655.771  281.501  181.291  278.303
723.563  258.084  253.264  257.113
767.073  223.471  292.798  226.355
643.743  250.351  169.86  244.58
720.018  263.002  251.052  261.888
743.504  239.545  269.306  239.76
752.85  281.313  281.46  281.169
864.873  287.293  374.724  289.119
589.877  245.867  101.424  235.222
610.56  275.609  135.206  270.165
794.297  168.564  318.259  177.954
828.524  227.464  347.893  235.545
638.987  128.608  160.558  112.122
623.839  290.98  142.811  287.443
790.328  255.742  315.839  258.845
718.946  251.452  249.11  250.37
746.268  289.145  272.404  288.385
701.485  271.976  232.272  269.897
870.53  311.566  376.319  310.053
624.184  319.767  146.352  318.536
633.624  185.98  160.246  175.204
721.603  241.72  251.88  241.517
647.035  283.248  169.845  279.287
635.001  273.38  157.468  268.384
564.219  288.45  65.5873  282.908
845.324  206.818  358.915  217.275
667.589  359.474  190.042  359.702
766.925  301.08  292.248  300.083
616.201  306.804  134.963  304.568
648.338  293.569  172.036  290.815
699.254  254.973  228.262  252.585
771.491  227.239  296.997  230.823
711.436  138.245  240.578  136.419
644.985  525.746  150.63  542.812
639.068  535.663  142.871  555.342
753.348  266.987  282.127  267.077
858.635  186.735  371.918  202.306
625.881  163.992  146.983  149.519
835.028  202.355  351.998  212.828
706.426  283.226  237.636  281.806
590.401  239.446  101.777  227.924
654.359  281.902  179.408  278.721
814.147  212.67  333.079  219.84
680.56  161.456  213.216  156.707
607.62  287.999  123.135  283.779
662.773  175.675  193.768  168.633
656.169  375.645  177.886  377.139
616.636  161.777  137.218  145.914
597.209  136.19  111.811  113.083
732.658  292.748  260.057  291.061
598.619  305.237  110.457  302.743
542.518  354.686  28.5093  361.543
648.677  123.261  170.297  108.328
651.241  120.144  173.919  105.145
680.56  161.456  211.364  156.056
639.743  289.08  162.001  285.867
771.709  253.127  297.994  254.735
794.381  286.225  318.538  286.233
764.487  300.266  289.736  299.323
701.823  247.743  233.549  245.808
769.919  162.272  296.484  169.446
767.157  256.92  293.511  258.638
630.745  286.799  149.254  283.104
645.87  156.105  169.232  143.393
660.058  186.943  189.533  179.636
785.69  272.063  311.126  273.002
735.891  194.296  265.528  195.721
652.756  125.324  174.857  110.686
722.411  288.7  253.574  286.977
634.127  256.427  158.381  250.936
753.012  277.342  280.374  277.415
709.647  284.247  240.543  282.276
721.655  266.022  254.322  264.973
755.757  182.132  283.411  185.938
579.336  175.07  88.832  153.317
818.476  232.046  338.841  238.195
701.598  283.605  231.191  281.353
763.842  210.218  289.614  214.004
648.023  301.685  171.562  298.767
642.957  148.329  165.062  134.901
896.331  313.74  395.37  311.29
689.733  262.403  221.601  260.513
874.602  193.089  380.719  207.343
832.09  276.568  348.888  278.399
730.151  276.588  259.236  276.001
641.494  139.592  163.321  125.15
648.055  525.023  153.651  541.685
730.687  248.163  261.33  247.855
644.244  303.724  160.328  300.898
649.542  124.64  171.259  110.05
787.778  221.494  313.484  226.508
552.854  238.715  51.7793  223.494
577.847  279.767  87.0457  272.918
866.065  188.936  375.782  203.526
652.499  114.791  174.663  99.2715
603.133  239.801  120.395  229.721
602.74  238.832  118.831  229.192
847.408  221.254  363.162  230.801
835.877  303.73  376.124  302.825
768.725  253.76  294.482  255.738
679.189  356.935  202.569  356.638
610.239  250.476  126.618  241.79
729.478  201.648  256.671  201.468
728.426  199.633  257.257  199.8
721.626  264.506  251.447  263.926
774.674  285.386  300.42  285.653
809.674  224.159  330.969  230.291
640.141  301.83  161.651  299.538
700.047  247.469  232.951  245.516
620.997  302.056  141.217  298.799
592.977  258.954  105.625  250.094
618.371  266.875  139.165  261.303
662.767  123.252  186.148  110.457
789.718  258.547  314.759  260.679
738.751  230.98  268.943  231.706
792.167  223.13  316.88  228.231
708.759  237.995  242.478  236.812
770.553  255.299  296.909  256.613
831.629  261.55  349.184  265.096
578.753  263.913  89.3527  255.766
719.56  228.977  249.595  228.098
609.099  244.796  126.262  236.326
592.683  280.968  104.423  275.551
636.698  265.809  159.505  261.036
713.73  229.908  244.266  229.46
718.676  170.218  250.247  171.16
718.763  162.809  250.091  162.873
637.789  291.178  160.048  288.179
747.86  264.35  277.626  264.264
667.517  539.818  173.99  552.933
858.798  202.269  372.334  215.182
707.318  257.401  235.47  256.049
714.26  134.868  244.7  133.908
635.979  165.672  157.643  151.913
638.964  284.711  163.684  281.403
564.91  204.142  71.7122  185.022
885.808  195.813  389.685  211.718
655.762  101.921  179.288  87.434
763.649  227.975  289.51  230.138
798.672  278.496  322.014  280.021
601.087  238.706  117.144  228.16
598.619  305.237  112.037  302.868
600.611  293.238  112.304  288.636
704.894  280.263  236.095  278.977
593.426  259.916  105.873  251.996
686.112  279.195  215.513  276.345
746.302  244.602  275.085  245.12
741.037  224.376  269.356  225.082
709.275  280.856  241.091  279.736
648.352  297.862  171.955  294.628
802.062  281.478  324.328  281.917
602.134  148.955  122.79  129.329
782.244  287.338  311.234  287.865
717.287  133.099  246.834  133.217
775.574  291.066  302.094  291.06
838.594  303.266  349.023  302.002
609.904  308.596  129.583  305.73
696.815  267.397  228.361  265
785.553  178.465  311.214  186.127
733.757  296.08  261.578  294.158
579.829  265.036  90.8329  257.172
678.553  351.948  201.941  351.643
765.055  280.359  292.241  280.818
655.311  129.775  180.979  118.166
772.346  188.825  298.184  193.938
825.179  276.021  343.374  278.545
582.804  123.479  92.7417  95.2977
727.437  300.697  255.814  298.552
727.012  163.048  257.139  163.835
663.82  187.266  193.444  181.239
715.016  155.491  248.628  155.821
590.712  279.102  101.973  273.453
803.989  278.109  327.639  279.951
769.32  287.091  295.933  287.245
678.636  353.797  202.702  353.472
639.041  521.233  143.869  539.454
753.519  295.447  283.086  294.844
644.014  302.592  152.029  299.556
580.308  241.943  90.7555  229.921
684.806  355.376  208.925  354.873
695.178  282.385  225.277  279.816
737.09  202.797  265.701  203.697
592.784  243.476  106.731  233.715
752.547  177.797  280.622  181.268
767.501  287.365  294.635  287.488
717.716  264.338  249.167  263.86
709.351  262.384  240.331  260.488
659.627  179.477  189.547  171.713
717.842  160.384  249.065  160.193
650.321  282.483  175.334  279.431
669.403  512.315  178.357  522.334
611.945  303.476  132.669  301.112
621.832  256.217  140.626  249.766
656.021  129.639  180.63  116.646
756.806  215.542  285.131  218.075
712.452  237.272  243.731  235.851
548.558  137.573  42.2195  101.296
748.211  258.12  276.704  259.126
591.984  224.999  104.11  211.566
733.68  179.548  262.659  180.596
563.243  118.77  66.7575  83.997
663.675  484.887  172.517  495.453
729.968  175.561  258.647  177.155
550.212  240.242  48.1763  224.886
731.378  250.287  261.158  249.676
581.428  311.318  89.9119  309.698
735.803  180.364  264.952  181.729
845.459  220.514  361.183  229.726
681.561  409.225  202.244  410.75
837.963  197.295  354.67  208.426
839.207  234.504  354.053  241.145
847.651  223.409  364.812  234.002
661.697  120.372  184.997  107.008
642.767  335  163.855  335.033
775.914  286.336  301.978  286.759
773.439  254.875  299.581  256.218
652.551  281.619  179.408  278.721
698.519  274.153  229.518  271.679
732.416  222.341  260.782  222.207
678.223  406.536  198.286  407.288
786.288  192.574  311.8  199.231
772.837  279.244  298.697  280.064
600.451  367.732  105.677  373.476
664.246  168.834  194.272  161.086
631.637  282.536  155.943  279.021
580.449  162.16  89.8364  138.298
603.845  293.588  121.183  290.192
674.883  154.403  203.77  147.028
807.482  277.229  328.918  279.231
829.143  221.257  346.711  229.981
610.781  366.909  122.223  371.385
727.279  161.075  257.329  161.79
669.417  418.906  189.38  421.943
657.358  174.741  182.793  165.046
831.48  288.942  350.137  290.335
897.009  174.83  397.517  194.784
781.371  241.178  306.521  243.814
735.685  249.498  266.391  250.437
760.896  221.929  286.588  225.113
642.283  129.06  161.731  113.13
681.17  347.154  205.766  345.451
580.189  189.818  89.5385  170.016
636.645  332.647  155.87  332.789
848.613  228.019  364.013  236.53
669.326  460.33  182.688  467.215
683.659  408.778  202.244  410.75
651.842  139.258  174.741  126.869
591.901  276.373  104.057  269.373
673.538  351.454  196.993  351.425
670.274  503.116  180.19  513.331
743.611  276.946  265.34  276.614
757.194  195.193  284.771  199.628
802.32  191.501  324.779  200.824
849.241  213.35  363.45  223.431
724.897  256.732  254.141  255.422
648.199  263.976  172.54  259.888
593.547  168.562  111.724  149.389
666.382  370.685  187.906  371.871
748.362  277.183  271.78  277.135
845.781  274.298  360.217  277.805
602.19  301.849  112.559  298.082
699.902  266.157  231.236  263.704
785.331  255.609  310.664  257.481
717.088  244.425  244.567  242.551
786.273  236.286  311.851  241.016
672.55  271.643  202.817  268.047
539.385  203.744  34.1668  181.521
731.109  294.861  258.785  292.742
674.088  265.601  203.636  261.85
656.097  200.558  185.607  193.171
785.18  293.113  311.232  293.331
717.615  257.742  248.148  256.123
738.881  214.065  267.989  214.82
766.872  294.565  305.889  294.567
633.306  312.915  157.338  310.235
788.61  255.492  314.143  257.581
669.148  127.471  196.831  117.445
771.437  272.748  297.491  272.715
661.897  415.254  184.567  418.133
748.369  183.699  276.199  186.122
727.682  249.891  258.99  249.113
875.826  313.156  380.109  310.494
697.496  263.151  227.991  260.462
776.332  294.885  301.728  294.826
578.394  352.161  80.4163  356.809
653.21  297.997  175.434  294.593
848.925  202.218  364.1  213.831
655.345  181.319  185.299  174.414
745.394  221.389  272.845  223.568
680.536  338.971  204.918  338.413
722.666  136.969  251.41  137.939
629.944  313.456  153.817  310.771
744.981  185.773  273.893  187.989
771.924  174.045  297.684  179.585
662.149  508.831  171.222  521.031
724.427  281.827  255.589  279.974
670.674  513.353  179.132  523.252
685.284  341.004  210.515  340.317
756.911  252.055  284.356  253.931
819.609  221.415  338.566  228.023
719.538  138.937  249.661  138.436
809.33  169.099  330.871  179.674
597.078  271.437  108.846  263.861
748.587  227.833  277.25  228.902
769.998  259.359  296.097  260.045
652.16  514.9  157.751  530.655
660.211  248.258  190.094  243.243
683.089  142.26  210.716  134.95
745.579  175.892  273.665  179.705
771.935  182.992  297.745  188.067
754.857  251.806  281.977  253.536
770.882  266.794  297.172  267.073
742.213  220.316  271.657  222.7
808.395  186.388  329.986  196.903
705.404  168.217  239.088  166.834
592.682  290.684  105.011  286.807
582.358  272.597  93.4953  266.111
624.326  301.802  144.165  298.204
722.65  284.15  254.148  282.155
629.668  129.725  146.341  111.185
792.483  295.164  316.423  295.391
716.503  126.148  248.635  125.986
676.738  351.931  200.621  351.905
684.599  235.007  217.412  233.102
736.599  295.328  267.745  294.731
667.436  268.996  195.008  264.814
607.123  151.452  127.534  132.274
691.801  261.765  223.07  258.801
730.326  304.392  260.096  303.389
793.912  259.232  320.108  261.328
636.589  164.216  159.584  150.463
669.248  165.634  202.232  159.133
745.871  184.36  273.893  187.989
772.086  214.703  297.212  219.465
724.068  214.071  252.951  213.177
629.803  166.277  154.324  152.408
664.995  176.381  195.339  168.932
704.155  162.511  235.954  160.24
769.559  172.106  295.895  177.498
602.938  250.83  116.713  241.14
733.54  311.448  262.773  310.237
768.016  279.346  294.559  280.241
719.505  284.091  249.241  281.898
708.777  199.368  238.169  198.688
739.171  197.803  268.399  198.943
707.299  164.245  239.562  162.58
626.281  147.671  148.787  132.708
682.084  355.49  205.08  355.53
848.173  199.105  361.385  210.21
653.115  132.753  176.712  120.541
591.51  291.425  103.215  286.076
794.847  255.58  318.477  257.693
692.954  281.978  222.751  280.615
615.463  158.375  136.457  142.689
727.649  190.911  257.359  190.925
791.49  251.352  316.744  253.804
658.036  96.1124  180.903  81.678
785.891  200.489  311.191  207.896
535.932  129.707  29.1596  90.1139
830.528  287.103  348.818  288.897
653.452  294.015  177.026  290.293
887.724  318.608  387.889  315.047
803.14  250.783  325.406  253.679
724.138  303.17  252.093  300.596
730.544  186.004  258.697  187.665
673.625  369.297  194.752  370.373
652.405  128.44  174.235  115.112
532.646  277.687  22.5536  267.894
655.196  148.903  177.287  137.593
665.487  484.843  173.751  495.749
619.137  164.338  138.453  147.452
728.935  230.628  259.456  230.161
687.57  341.282  212.738  340.672
579.829  265.036  89.3527  255.766
770.318  225.464  296.144  227.975
589.175  274.657  100.494  268.749
746.222  169.771  274.557  172.297
583.807  339.402  90.1632  341.956
744.69  184.378  273.506  186.425
577.914  256  88.9119  247.203
816.623  174.911  337.498  185.897
596.275  258.82  109.074  249.633
747.858  259.68  277.673  259.393
714.645  217.386  244.011  215.606
737.932  237.055  267.461  236.939
728.86  161.628  259.104  162.37
723.708  247.822  254.785  248.333
621.502  258.622  137.609  250.768
562.688  287.943  65.5873  282.908
733.969  238.562  264.127  238.189
669.932  484.711  182.689  493.103
790.187  190.077  316.814  199.328
748.695  166.493  276.604  169.304
655.896  127.33  179.942  115.402
667.073  483.977  174.215  495.166
743.387  203.523  272.473  204.861
590.401  229.833  103.074  216.664
686.692  342.041  210.961  341.602
810.552  259.628  332.99  263.913
689.863  342.991  215.018  342.398
707.921  245.465  240.738  245.279
736.088  211.193  265.152  211.499
748.654  182.076  276.199  186.122
773.452  290.766  299.557  291.153
687.288  247.689  218.08  244.162
710.557  161.501  240.87  161.376
674.419  348.929  197.365  349.143
766.274  210.9  292.761  213.841
597.117  157.653  116.378  137.565
678.054  338.405  202.131  338.121
721.455  176.621  253.034  176.501
841.361  229.188  357.447  236.576
713.802  138.384  244.424  136.91
677.835  340.537  202.12  340.299
772.653  288.943  298.617  289.454
598.816  161.931  119.555  142.97
678.898  540.743  186.837  550.487
781.413  242.851  306.86  245.099
536.319  288.085  28.115  282.255
635.601  264.646  157.825  260.207
751.915  289.647  280.171  289.721
660.124  304.449  185.365  303.05
779.917  244.164  305.423  246.207
736.501  199.868  265.435  200.414
731.003  176.312  260.207  176.695
699.169  264.617  228.643  261.665
684.083  245.398  214.943  241.618
771.294  270.254  297.312  270.111
816.764  284.591  337.274  284.629
665.788  183.095  195.622  175.705
775.627  281.735  301.562  280.989
727.24  208.299  256.363  209.617
727.741  286.17  257.534  283.99
789.016  200.374  314.503  208.402
793.557  230.696  318.829  234.889
673.961  219.895  202.937  214.441
640.086  163.457  165.09  150.504
667.864  267.671  199.341  263.586
847.156  244.568  364.522  250.843
675.18  349.691  198.74  349.89
831.004  230.577  348.413  238.858
713.504  145.086  244.851  145.868
688.787  262.948  220.499  261.602
736.087  216.485  265.151  216.584
640.474  282.635  162.078  279.626
793.14  248.293  318.19  250.933
699.175  254.113  229.369  251.171
667.23  177.804  197.082  170.326
702.721  258.322  233.391  257.553
892.834  184.652  394.737  203.311
739.6  218.39  268.752  218.788
786.57  202.003  312.156  207.636
601.716  232.693  117.521  220.909
658.799  359.863  180.166  361.266
719.766  208.186  251.3  207.359
664.273  437.586  181.776  442.952
585.319  263.49  97.9658  256.268
691.894  377.852  214.667  378.087
737.817  206.61  266.419  209.015
801.433  279.611  324.166  281.654
683.898  410.309  204.115  412.259
629.567  415.891  139.196  424.932
851.008  188.232  364.678  201.026
763.469  280.633  289.955  281.507
781.371  241.178  307.266  245.546
741.2  199.77  270.541  200.91
838.906  219.093  355.106  229.338
773.636  297.472  297.568  297.492
656.75  335.982  179.368  336.203
656.609  178.986  185.326  169.988
780.417  207.701  305.614  214.105
817.711  176.322  338.527  187.17
736.034  183.618  265.032  184.4
830.863  195.17  348.595  205.252
702.695  255.667  233.128  252.894
829.357  260.709  346.481  263.531
687.278  246.121  217.245  242.333
771.872  293.454  296.906  293.738
692.305  264.934  221.61  263.61
668.336  363.412  190.505  364.548
578.601  209.701  88.4103  192.361
682.976  244.293  213.326  240.254
730.731  155.731  261.499  156.856
893.754  190.799  394.893  206.291
568.891  127.363  73.7691  94.6909
714.063  211.336  243.496  209.334
701.103  213.72  228.957  212.264
613.617  150.017  135.354  133.771
598.678  260.829  111.022  251.732
785.211  173.544  310.24  180.614
689.444  280.193  212.008  276.496
660.03  181.481  189.148  173.056
677.798  544.731  184.518  555.391
635.836  120.866  157.924  104.854
660.43  174.695  188.303  165.602
637.789  289.213  161.3  286.752
601.342  140.417  115.398  116.723
879.216  302.64  383.284  303.216
773.198  287.12  298.487  287.894
888.917  197.139  389.633  212.915
801.269  325.919  330.374  323.148
762.914  268.358  288.022  269.845
892.604  443.379  385.772  422.202
700.309  259.415  231.049  256.498
683.349  270.41  209.885  268.62
735.207  229.19  264.814  228.856
827.997  222.447  346.615  231.688
719.33  220.419  251.106  219.305
552.773  265.53  53.1295  256.606
718.679  129.545  248.164  130.569
738.829  175  268.34  176.445
750.411  298.71  284.724  298.507
640.117  303.837  161.821  302.406
729.321  226.909  259.482  226.205
577.914  256  89.1161  245.283
651.189  184.877  177.171  174.755
901.085  170.415  396.928  187.823
732.43  284.723  257.648  282.339
722.04  248.989  253.119  249.648
676.157  534.681  182.277  545.454
813.727  289.16  332.807  290.635
640.454  285.11  162.23  282.447
830.142  227.145  347.583  235.89
651.953  178.01  179.032  167.837
651.713  250.364  178.74  244.22
807.216  294.94  322.567  295.686
770.179  166.063  295.874  171.216
755.945  202.639  283.427  207.116
599.857  155.484  116.714  134.406
844.81  190.984  360.685  203.028
711.272  234.416  242.878  232.355
774.579  212.093  300.144  217.776
631.681  288.219  155.383  285.656
688.242  258.306  217.079  254.489
786.459  273.608  312.158  273.65
611.228  285.125  127.594  281.579
755.294  292.604  284.44  292.848
567.633  521.391  50.4655  559.323
736.398  317.385  264.087  316.39
630.342  360.24  146.409  361.139
686.603  253.884  217.066  250.071
815.939  288.286  335.463  289.974
812.019  184.973  334.029  194.326
648.441  537.409  150.249  555.201
812.351  286.769  328.092  288.365
767.232  311.965  294.445  311.151
777.5  276.678  303.468  276.1
550.343  138.35  39.3795  100.125
662.252  156.146  183.173  146.234
889.956  182.316  391.382  200.756
737.361  229.965  267.374  229.747
784.372  271.589  309.977  271.642
821.343  228.038  340.754  236.248
665.842  188.852  195.574  181.393
857.41  275.266  368.161  279.481
733.242  309.382  265.29  308.623
657.118  193.365  186.26  185.046
726.119  217.406  256.256  216.48
799.861  291.347  320.323  292.451
643.219  330.097  161.453  330.689
680.528  128.113  206.585  121.277
837.43  212.016  354.123  223.256
668.215  214.607  197.275  208.204
689.574  161.952  221.041  157.019
666.238  273.669  196.177  269.271
765.427  268.388  290.716  267.691
817.74  243.213  338.843  247.365
735.43  235.974  265.873  235.43
746.702  298.452  281.717  298.386
857.496  228.079  369.697  236.19
553.939  204.972  53.9727  185.596
769.042  268.948  298.005  268.709
651.241  120.144  173.744  106.777
636.294  328.725  154.835  329.303
647.566  278.136  172.604  275.541
742.374  222.28  271.428  222.477
718.519  154.278  248.308  152.834
741.941  208.493  269.244  208.639
565.299  406.059  56.7263  421.835
567.378  219.769  72.2671  202.072
680.539  544.42  188.889  553.321
752.989  239.193  281.614  239.549
612.674  275.003  129.886  268.063
744.614  233.876  274.114  233.92
739.981  292.146  267.943  289.62
669.647  132.41  196.201  121.542
801.285  174.647  323.835  183.103
712.225  136.806  243.291  134.786
870.891  314.782  379.39  313.735
674.024  218.694  202.854  212.775
741.437  204.809  270.516  205.401
635.99  175.229  157.666  161.336
664.773  192.472  195.102  185.068
671.453  141.082  203.474  133.044
747.872  191.276  276.992  193.071
609.044  241.98  126.824  231.517
561.521  256.737  64.7043  244.444
664.182  180.765  193.681  172.542
662.43  412.531  186.457  415.64
684.328  252.452  214.489  248.261
827.752  278.139  347.785  278.817
682.583  361.869  205.495  362.639
599.923  369.522  109.807  372.864
583.482  298.206  93.3874  292.959
638.971  537.01  145.398  556.655
635.543  139.158  155.415  124.259
633.515  413.655  144.646  422.272
606.685  162.086  125.772  142.955
664.933  269.548  190.426  264.486
693.375  257.557  222.931  256.624
557.36  273.164  56.8499  263.153
688.451  164.908  219.925  159.719
667.513  363.686  189.096  365.34
43.1404  433.636  681.365  291.795
600.522  165.583  119.526  146.17
801.716  263.775  324.465  264.874
744.834  242.233  274.303  241.853
687.324  257.675  219.816  253.917
587.232  255.633  99.0363  247.849
549.612  187.111  46.6363  160.72
715.224  260.434  245.417  257.833
680.125  355.022  202.058  355.91
739.773  238.291  269.362  237.681
820.464  245.618  340.113  249.315
675.517  271.815  205.022  267.47
746.689  291.93  269.187  289.284
664.581  122.898  188.556  109.458
640.185  290.359  163.026  288.406
705.833  161.308  238.232  158.758
729.141  225.143  259.377  224.111
659.986  342.552  183.186  343.447
709.319  236.214  241.244  233.699
717.766  132.058  249.592  131.159
807.637  168.845  328.598  178.059
769.786  247.338  295.834  247.934
597.509  370.198  101.013  377.53
837.676  228.531  355.51  238.449
569.752  522.43  52.3149  560.834
687.58  256.25  217.948  252.176
570.402  349.529  68.6144  355.115
602.524  292.723  121.183  290.192
632.192  285.219  153.907  282.763
690.387  371.755  212.858  372.593
687.862  343.235  212.949  343.365
837.102  295.027  354.351  296.696
756.199  204.648  284.551  206.547
615.454  167.46  139.002  151.041
657.916  149.157  185.136  140.856
764.021  179.219  285.703  184.268
795.97  223.369  321.532  227.871
813.539  243.391  332.043  249.536
685.209  254.578  215.276  250.287
640.457  140.548  162.251  127.308
653  198.426  183.176  193.075
658.506  186.635  187.927  177.851
778.463  262.56  304.344  262.638
635.508  326.216  153.992  326.909
842.622  190.683  359.581  202.323
780.683  268.107  304.478  267.704
623.191  161.293  143.17  143.938
649.625  354.868  172.36  356.765
603.975  349.169  114.327  353.063
778.482  264.302  304.386  264.223
794.293  167.761  319.016  176.056
719.576  140.953  249.887  139.56
719.804  142.682  250.078  141.306
802.34  189.617  323.099  199.572
656.571  242.366  186.276  239.228
855.49  300.957  372.059  302.102
629.95  411.891  139.806  421.14
660.238  155.306  183.173  146.234
604.177  359.21  111.348  364.634
618.407  255.166  137.924  249.662
696.404  153.501  229.077  149.438
652.802  252.474  178.735  245.866
667.351  361.354  190.042  359.702
793.887  257.357  319.707  258.689
820.056  220.563  339.183  229.765
753.776  187.338  280.094  192.321
597.308  154.291  113.631  132.078
561.123  264.446  64.2294  256.404
773.258  272.3  299.616  271.415
779.004  242.909  303.81  244.106
592.139  251.723  99.677  243.407
839.839  236.35  356.326  245.423
738.349  179.099  267.551  179.661
681.171  239.572  212.343  238.172
612.625  186.749  131.283  170.52
749.586  294.411  271.118  291.492
740.695  202.07  269.747  202.289
751.479  198.883  279.429  200.177
602.454  147.269  113.731  122.97
791.479  239.235  313.468  241.178
626.862  359.677  143.264  360.052
722.203  146.052  250.907  144.329
678.488  272.443  207.016  267.902
642.929  263.923  167.108  260.683
770.051  290.421  296.547  291.584
747.401  331.071  274.9  329.906
742.39  215.161  272.33  215.367
700.944  255.407  232.464  251.968
786.438  172.849  310.024  178.912
665.766  271.211  190.994  265.912
802.608  265.291  324.385  265.897
861.252  192.56  373.29  205.25
789.749  237.161  316.154  243.386
646.241  154.183  169.232  143.393
703.967  129.145  235.841  125.575
570.217  128.28  73.7691  94.6909
650.846  124.175  171.268  106.94
706.948  134.501  238.794  131.467
785.163  215.228  310.68  218.942
606.062  288.13  120.858  285.315
685.017  246.755  215.036  242.112
694.33  152.864  225.777  147.892
737.973  284.483  260.152  281.489
660.455  308.158  181.879  304.311
655.552  255.171  181.493  248.714
651.781  191.434  181.933  182.196
840.632  228.24  356.416  234.708
659.546  242.064  189.82  239.326
659.759  190.162  189.48  181.543
828.378  207.953  345.501  219.074
725.586  220.245  254.655  218.425
645.216  262.359  168.077  255.513
787.657  158.641  310.189  169.09
829.837  188.637  353.269  200.445
785.939  230.529  311.634  233.216
753.944  184.183  280.089  189.399
580.529  165.573  90.1452  141.018
777.693  293.802  302.703  294.959
719.313  222.578  251.004  220.658
740.322  199.668  269.335  199.75
764.722  266.267  289.846  265.048
838.575  204.418  351.589  216.175
835.672  241.695  350.379  249.586
614.144  165.434  132.854  146.88
601.35  238.436  118.502  226.599
797.11  168.274  321.621  176.677
686.92  220.2  216.677  218.826
763.057  161.137  290.722  165.306
745.584  224.764  273.914  224.428
625.157  273.25  146.77  270.011
721.71  197.803  250.871  199.646
719.375  248.421  249.541  245.766
592.297  261.324  105.265  251.243
548.23  140.308  39.5995  102.332
674.21  202.907  203.596  195.996
677.69  215.416  206.987  209.193
747.502  204.165  276.421  204.81
778.94  285.258  305.332  283.373
683.628  536.567  190.721  544.612
563.039  400.535  54.3736  416.15
737.663  205.126  267.035  204.733
721.34  220.119  250.084  217.642
661.815  185.92  190.432  176.801
666.499  122.727  189.667  108.632
635.957  128.221  154.508  112.482
706.873  132.912  239.21  129.772
687.888  244.884  217.937  240.123
678.358  217.521  207.705  211.34
706.087  375.988  228.407  376.538
674.107  489.228  186.598  498.638
743.104  208.872  271.669  208.693
553.544  269.075  56.4064  257.852
605.219  160.113  123.95  139.826
742.469  280.384  262.608  277.214
724.803  224.696  254.25  222.554
578.07  176.401  88.832  153.317
622.813  180.109  142.857  164.132
720.377  225.953  250.53  223.53
791.508  258.949  317.397  259.584
588.39  363.503  93.9196  370.484
729.994  223.939  258.806  222.113
805.103  243.831  331.423  246.929
846.333  206.207  360.217  215.108
629.991  181.556  146.731  165.495
828.342  235.578  347.197  240.266
709.475  234.622  241.898  231.607
677.822  410.13  196.752  414.04
649.665  527.294  152.142  542.75
692.709  386.87  215.178  388.364
722.718  281.365  255.183  278.14
598.74  154.99  113.631  132.078
729.266  222.613  258.063  220.693
673.706  210.304  202.831  203.342
545.105  140.39  37.8666  102.374
599.783  351.633  107.678  356.67
576.055  515.919  61.9933  551.763
619.921  166.158  141.707  148.938
569.02  520.068  50.4655  559.323
598.392  159.838  111.669  136.984
677.753  222.222  207.42  216.058
607.516  159.57  124.935  138.93
558.641  352.379  56.704  359.24
618.539  173.939  141.223  157.552
766.641  279.719  293.495  277.602
688.143  218.579  217.818  217.606
657.541  188.079  185.893  178.319
721.032  239.195  252.755  236.735
869.629  292.356  375.731  295.448
626.635  165.441  146.489  148.176
795.737  239.252  317.298  245.459
582.48  404.868  79.4101  419.486
626.029  166.667  153.367  151.757
671.437  485.434  184.516  495.028
678.829  349.881  199.139  351.668
646.101  266.074  169.804  263.612
703.112  252.787  235.432  249.017
615.719  249.397  133.731  243.698
602.829  357.332  108.682  363.39
741.402  233.897  271.037  232.713
628.294  320.549  148.29  321.486
635.041  315.543  155.015  316.122
695.614  233.125  224.797  232.961
629.567  415.891  140.724  425.9
740.934  242.975  264.352  240.438
583.899  342.59  89.8286  347.101
776.625  330.008  302.74  328.963
677.783  213.813  207.09  207.126
859.654  193.497  372.845  205.538
662.313  247.66  192.945  245.931
568.164  221.107  73.0822  202.594
774.528  311.036  302.471  311.431
669.815  268.213  199.903  262.671
905.816  264.415  409.784  268.872
738.412  192.609  268.498  192.376
763.98  183.391  287.744  189.886
582.144  300.698  94.4781  294.756
683.813  229.207  215.685  228.686
716.746  200.734  246.422  202.688
895.612  267.25  394.327  269.849
872.407  313.406  379.39  313.735
665.297  499.13  177.98  510.595
832.203  190.23  350.165  199.598
798.123  190.888  317.589  200.586
698.189  228.234  226.436  228.226
909.187  473.661  395.602  445.708
654.623  133.326  182.093  119.39
845.396  188.894  362.017  200.079
695.297  151.916  227.393  146.456
850.462  236.816  365.92  242.423
704.111  220.611  232.807  221.203
681.459  410.318  200.472  414.409
649.825  193.336  179.132  182.956
668.732  358.123  188.934  360.875
666.14  242.399  197.403  241.03
652.625  370.333  174.936  373.947
632.743  317.12  151.679  318.133
802.653  257.459  326.583  263.367
792.936  252.964  318.462  253.591
856.275  254.086  367.141  262.413
591.164  159.992  103.025  135.467
580.135  205.039  91.3126  191.143
634.056  411.27  146.875  420.52
624.684  165.115  145.128  147.349
651.805  110.675  179.186  94.5806
646.894  193.174  176.083  182.379
735.553  327.869  264.068  327.967
862.839  191.353  374.253  203.231
571.416  205.482  79.8569  185.064
686.278  340.297  212.84  341.425
814.007  248.95  334.747  256.139
675.092  406.197  193.711  410.911
730.968  189.326  257.129  192.374
782.914  341.053  308.763  339.334
661.334  251.13  191.645  249.797
804.295  167.444  334.788  178.693
709.244  532.26  220.443  538.447
771.093  263.597  297.043  262.025
563.052  255.868  65.6524  247.561
664.197  411.509  185.821  416.534
661.958  194.412  190.824  184.946
745.778  204.807  276.421  204.81
647.005  250.623  171.354  247.857
784.44  161.75  309.714  167.639
630.092  320.499  148.789  321.982
601.933  287.793  106.291  279.955
857.726  229.738  368.374  235.679
706.228  223.427  238.444  219.418
784.99  231.842  311.022  239.131
645.809  263.516  171.561  261.667
642.802  251.023  167.339  248.179
793.879  261.991  318.841  261.552
727.186  226.137  255.707  223.108
638.194  361.739  158.876  360.104
580.653  206.288  90.98  186.761
853.269  211.594  368.837  220.458
819.498  218.95  338.722  223.553
631.786  186.545  147.904  170.079
632.954  113.376  154.952  98.3011
619.066  184.735  140.004  168.154
699.836  437.827  218.828  441.782