1560
666.104  177.714  195.569  170.152
589.404  246.334  102.486  236.252
610.018  353.379  121.956  356.832
632.749  279.077  155.845  274.657
578.414  118.874  87.612  88.1371
705.025  166.812  236.386  164.336
676.9  429.773  194.613  433.713
868.78  347.871  373.173  341.367
650.372  136.68  173.021  123.006
676.802  234.971  207.581  230.68
742.622  208.325  270.406  209.614
680.328  141.703  208.471  134.293
747.563  286.693  274.807  285.561
832.802  228.964  349.823  235.715
853.33  249.641  367.417  254.827
745.305  184.938  274.174  187.191
691.975  282.303  219.775  279.992
605.628  307.346  121.35  305.151
596.467  259.693  112.078  251.724
652.399  294.98  176.883  292.218
627.131  442.568  135.547  455.107
700.285  256.248  231.042  253.78
709.035  230.997  240.373  229.112
690.725  318.919  218.303  316.961
752.019  175.531  280.616  178.878
802.767  265.174  325.784  266.714
739.802  218.372  269.569  219.178
741.14  289.624  269.295  288.139
708.611  248.026  241.113  245.924
650.429  301.553  174.818  299.069
646.712  276.911  170.506  273.019
680.163  431.931  197.595  435.803
738.403  187.443  267.439  188.864
592.335  361.79  98.3555  367.549
593.739  244.178  107.043  234.211
667.893  292.206  192.233  289.862
774.337  193.948  300.047  198.885
622.026  250.412  136.987  243.419
630.038  167.111  154.626  153.428
719.131  223.611  251.324  222.607
711.118  291.848  239.564  289.931
861.497  191.679  373.397  204.943
618.433  259.138  136.999  252.577
707.527  165.231  239.136  163.098
859.402  347.773  365.785  341.677
560.146  267.998  63.0118  259.162
830.349  270.846  348.474  272.712
702.751  267.911  232.71  265.671
690.85  280.593  218.096  278.27
698.53  274.238  226.752  272.057
645.262  237.32  175.222  230.66
669.172  133.478  203.341  125.212
797.501  176.738  319.159  184.966
745.324  221.213  272.883  222.409
700.726  230.571  232.255  228.092
749.589  261.681  278.421  261.503
697.813  286.373  226.131  284.145
586.217  274.584  97.7391  267.977
640.731  254.746  166.611  248.953
683.128  350.61  207.318  349.981
701.518  275.995  229.291  273.922
799.865  250.835  324.799  253.366
665.216  138.285  188.17  127.225
687.078  239.788  217.623  236.332
812.313  336.552  329.846  332.252
639.647  139.637  161.76  124.454
644.94  279.626  169.261  275.771
654.302  301.031  178.986  298.648
630.115  249.899  154.138  243.108
689.546  313.342  218.626  311.04
561.252  124.522  64.6851  90.6817
615.692  273.576  135.542  268.013
755.049  296.692  282.619  294.96
818.177  172.508  337.975  183.473
725.308  253.691  256.377  252.567
764.203  160.113  291.443  165.421
703.702  298.063  232.258  296
619.501  165.637  141.976  150.1
799.684  267.224  324.478  268.215
789.581  157.14  311.828  165.617
685.058  235.769  215.173  232.208
677.091  279.947  203.945  277.119
763.334  162.9  290.975  168.028
696.46  307.863  224.707  305.782
674.412  288.542  202.428  285.67
634.143  442.429  144.254  453.679
888.77  206.737  390.704  220.038
703.212  287.502  235.218  284.899
794.524  160.092  317.213  169.212
618.986  262.542  137.562  256.255
809.968  208.832  328.738  215.831
752.058  268.805  281.999  268.102
575.516  273.105  83.8936  265.776
661.536  276.305  186.216  272.932
647.942  263.949  173.331  259.118
663.267  380.59  183.375  382.857
828.761  265.312  347.11  267.824
839.365  246.898  356.711  251.854
753.337  260.767  282.255  260.644
695.237  289.291  223.599  286.969
631.983  267.833  154.539  262.523
754.809  270.451  283.1  270.099
753.88  239.896  282.586  240.818
599.463  162.891  119.601  143.798
666.44  372.273  187.189  373.909
687.446  269.325  215.951  266.492
653.333  427.811  166.684  435.565
651.035  110.389  172.88  94.414
648.459  107.34  168.817  90.0423
640.221  280.402  164.463  276.244
762.858  164.473  290.652  169.476
663.692  287.898  189.17  284.996
597.033  368.35  104.323  374.699
728.831  212.556  258.182  212.439
671.807  253.246  202.154  249.199
820.234  176.674  340.052  187.671
730.613  155.842  261.291  157.015
823.674  231.242  342.714  237.266
736.845  201.681  265.985  202.705
675.541  289.17  201.226  286.87
631.456  277.5  151.835  273.291
653.022  385.646  174.253  387.899
621.903  347.368  136.595  349.561
702.843  242.587  233.4  240.376
802.102  332.726  321.343  329.037
829.399  185.581  348.623  196.575
675.931  219.843  205.487  214.958
719.166  140.368  250.536  139.966
906.674  320.805  404.556  316.439
686.161  157.339  214.884  151.66
870.854  329.126  423.14  305.081
736.436  300.412  263.866  298.778
736.871  183.53  265.829  184.919
585.72  358.398  89.0915  364.446
685.998  245.704  218.127  242.325
689.319  305.734  217.087  303.713
688.745  275.61  215.236  273.155
679.132  405.151  199.141  407.422
723.68  271.096  254.415  269.357
698.268  230.704  230.031  227.89
783.011  160.493  308.035  168.327
777.327  289.66  303.449  288.458
714.847  155.109  250.701  154.632
677.191  402.796  196.982  405.236
729.542  162.733  260.074  163.669
750.741  297.773  280.177  295.542
743.164  297.093  270.822  295.537
648.168  268.179  173.831  263.529
644.599  252.192  171.06  246.553
723.915  211.741  253.761  211.393
686.939  233.65  217.814  230.229
693.227  145.095  223.916  140.474
579.207  244.447  89.4765  233.171
794.843  163.583  317.615  172.597
787.892  339.455  307.79  335.757
764.781  161.795  291.846  167.028
601.305  253.555  116.604  245.144
697.665  317.196  225.992  315.162
681.017  348.343  204.97  347.96
707.362  168.78  238.943  166.794
690.875  283.128  218.306  280.967
694.694  153.937  225.906  149.615
821.357  220.298  339.852  227.087
820.833  374.132  332.85  367.226
679.915  275.599  208.723  272.715
632.334  260.72  155.365  255.06
706.146  277.529  234.481  275.712
867.493  190.035  377.786  203.911
629.741  265.242  152.885  259.75
804.897  298.163  325.92  297.113
806.551  325.491  324.828  322.268
657.578  317.814  183.059  315.901
736.245  229.272  266.237  229.328
678.704  238.615  208.727  234.445
613.074  357.964  125.123  362.019
771.657  247.049  297.418  248.923
580.204  190.465  89.3873  171.266
840.522  227.89  356.135  235.091
713.757  289.716  242.964  287.857
776.014  238.253  301.411  240.617
610.539  346.788  123.872  349.373
675.557  405.401  196.422  407.263
739.914  296.691  267.619  295.178
627.758  273.804  150.565  268.89
731.287  176.792  260.997  177.426
780.472  264.101  305.987  265.171
729.227  269.332  259.472  267.837
716.629  287.552  244.802  285.659
737.695  229.314  268.02  229.451
915.466  285.576  410.787  287.587
801.896  167.143  322.487  176.633
699.438  278.947  226.959  277.048
678.592  222.161  208.103  217.528
715.648  212.626  244.766  211.223
699.071  255.119  229.963  252.741
656.699  275.255  179.546  272.035
676.171  215.048  205.651  209.961
719.897  248.877  250.847  247.693
586.367  261.169  95.9552  252.809
873.479  228.39  381.839  237.785
787.404  323.891  307.789  321.573
805.526  301.436  325.084  300.125
592.549  275.356  104.865  269.083
699.305  300.498  227.579  298.544
693.372  281.608  221.245  279.492
673.262  427.211  192.669  430.364
780.152  164.585  305.03  171.489
849.904  190.29  362.9  202.8
699.805  299.714  228.87  297.263
834.883  407.57  344.448  396.246
673.068  267.65  201.701  263.967
816.633  333.521  333.587  329.154
732.315  156.551  262.87  158.041
832.58  196.902  350.125  207.225
805.891  350.435  323.171  345.59
889.472  316.868  388.747  314.798
818.063  341.431  334.281  336.76
730.907  286.345  260.539  284.798
666.254  265.059  194.796  261.303
696.719  177.805  227.58  174.132
697.913  310.522  226.068  308.598
575.951  264.111  83.841  255.43
872.551  236.822  382.296  244.496
677.056  276.263  204.656  273.49
773.239  212.479  298.195  216.095
751.392  270.38  281.34  269.449
685.146  158.681  215.198  153.216
703.13  249.973  234.081  247.855
632.932  301.593  154.985  298.734
635.249  295.714  157.995  292.425
676.155  289.306  203.352  286.501
873.216  203.638  382.396  216.097
593.245  367.064  98.1959  374.023
657.115  284.114  182.875  281.027
665.546  170.266  193.995  161.93
571.792  273.08  77.4446  265.564
736.408  212.576  265.982  213.433
639.541  142.236  161.796  127.056
739.833  231.581  270.703  232.132
693.33  295.621  221.278  293.648
698.013  302.846  226.338  300.905
738.746  207.867  268.321  209.067
775.82  319.42  298.46  316.888
698.96  287.912  231.569  285.258
725.859  294.067  253.984  292.554
588.964  274.295  101.814  267.548
783.88  323.738  304.949  321.002
633.036  317.106  154.416  315.872
671.533  286.675  198.692  284.062
698.616  265.148  227.766  263.001
660.851  299.031  185.517  296.493
728.542  303.862  257.032  301.581
711.282  233.27  242.633  231.764
678.358  364.467  200.889  365.048
684.736  263.517  214.597  260.611
803.528  257.399  328.233  259.687
820.282  189.613  338.297  199
662.219  182.426  191.165  174.327
668.096  293.218  193.811  290.941
590.391  275.214  102.726  268.716
702.193  300.801  230.235  298.985
831.398  190.555  349.389  201.482
802.307  331.305  322.232  327.157
578.916  210.778  89.2548  194.481
705.812  225.501  236.868  223.165
696.789  134.229  228.735  129.834
869.544  397.793  371.43  385.547
634.014  293.076  156.289  290.057
635.994  292.668  158.358  289.691
819.484  188.262  337.691  198.148
643.888  266.874  169.876  261.748
634.774  300.945  157.368  297.981
675.083  297.868  204.955  295.211
706.689  215.118  237.785  212.844
753.052  265.072  282.45  264.968
667.351  168.9  196.866  161.324
721.365  141.701  252.547  141.279
548.75  417.727  31.7193  438.888
712.786  287.7  241.306  286.066
797.748  349.553  316.715  344.934
751.485  271.842  281.224  271.306
655.086  303.25  179.857  301.18
667.544  297.355  193.788  295.136
716.229  273.441  244.327  271.635
608.172  281.318  126.624  276.483
552.052  361.518  42.2773  370.693
623.741  256.355  142.585  249.632
758.113  299.42  284.759  297.513
720.998  287  252.242  284.562
637.008  282.601  161.115  278.772
803.602  294.406  323.002  294.265
763.96  260.253  289.166  261.271
736.173  194.547  265.057  195.797
658.583  263.459  186.866  259.301
671.485  268.048  200.895  264.138
739.824  288.129  267.82  286.992
696.466  263.596  226.738  261.261
719.477  151.011  251.607  150.446
647.392  258.108  180.981  252.622
814.399  372.535  330.2  365.215
687.185  278.018  214.483  275.801
723.122  288.822  251.69  287.365
613.003  244.937  128.48  236.365
701.84  262.817  231.42  260.289
656.844  431.257  171.202  438.689
702.032  321.483  229.998  319.648
593.315  259.586  106.783  251.221
615.331  441.309  120.406  455.618
636.048  166.45  158.694  152.966
754.227  299.174  281.574  297.688
639.859  274.363  163.492  270.215
705.256  177.503  236.959  175.467
876.028  227.92  383.249  237.673
700.53  297.947  228.882  296.101
623.276  166.262  145.173  150.894
663.487  371.642  185.111  372.673
738.124  287.132  266.509  285.966
659.993  507.026  168.889  520.155
688.871  264.245  219.835  261.499
789.309  337.547  309.862  333.493
721.334  213.783  251.415  212.788
688.952  165.831  220.184  161.383
822.671  234.43  343.267  239.601
618.891  346.04  132.578  348.726
651.667  129.106  173.873  115.192
789.728  377.603  307.58  371.936
690.648  292.778  219.45  290.654
696.576  199.54  228.141  196.702
609.147  153.351  130.014  134.99
697.548  327.273  225.785  325.415
587.08  365.186  92.231  371.856
721.024  231.511  249.898  230.299
707.745  251.972  238.706  249.624
661.926  297.127  186.937  294.995
689.231  231.677  220.592  228.571
765.696  227.274  291.049  230.049
641.595  294.54  166.801  291.542
745.513  224.942  275.332  225.67
773.167  271.99  299.078  271.876
612.929  266.226  133.074  260.109
755.243  259.596  283.184  259.479
900.374  354.731  397.972  345.072
615.166  289.266  134.423  285.536
665.539  263.338  194.148  259.594
821.101  242.97  339.666  247.95
803.272  320.685  321.915  318.458
871.072  414.904  371.855  399.866
671.781  379.118  191.881  381.274
832.562  261.952  350.013  264.632
653.133  241.453  182.74  235.911
706.655  206.031  237.767  204.281
750.592  233.175  280.117  234.534
694.703  318.622  223.329  316.715
752.457  262.647  281.36  262.158
677.074  345.791  201.237  345.562
608.12  271.888  129.039  265.314
856.18  215.487  368.163  225.666
581.571  234.851  92.4771  222.227
774.16  174.118  299.198  180.256
808.737  242.717  326.979  247.305
626.074  271.348  149.609  265.605
690.199  162.724  221.371  158.399
734.386  179.709  263.82  181.129
739.016  230.248  269.052  230.291
705.681  219.594  236.882  217.151
701.846  305.522  229.818  303.806
700.465  284.34  228.926  282.52
761.837  281.751  291.179  280.927
737.684  268.373  265.426  267.982
690.399  234.227  221.603  230.634
681.653  428.358  199.251  431.565
813.183  335.409  327.113  332.118
840.9  389.071  349.486  378.921
691.945  250.699  222.477  247.426
828.135  260.204  346.347  263.576
660.639  283.732  184.925  280.451
705.805  232.17  237.32  229.715
674.802  364.443  197.383  365.23
673.686  276.237  201.735  273.403
720.909  315.188  247.495  313.684
680.235  280.189  207.01  277.227
724.902  216.307  254.555  215.539
720.659  149.6  252.546  149.773
612.728  353.99  121.832  357.968
622.349  274.247  144.189  268.662
657.807  289.098  181.01  286.108
814.327  338.452  331.102  333.666
629.613  279.14  150.615  274.46
654.477  428.826  167.079  437.207
850.857  292.002  362.222  291.881
595.434  377.229  100.979  385.417
719.227  286.209  248.575  283.996
871.107  293.238  378.931  292.827
748.618  184.398  277.31  187.386
692.371  313.789  220.725  311.964
690.077  213.825  220.667  209.878
883.992  330.347  383.539  326.206
643.712  291.598  167.102  288.837
668.27  179.142  197.241  171.524
697.618  289.492  226.858  286.804
736.325  295.34  264.148  294.051
892.856  308.485  393.987  306.106
772.858  293.619  299.611  292.498
616.642  167.782  137.132  151.392
648.616  184.725  175.746  174.769
750.312  266.505  280.231  265.591
653.326  281.5  177.169  277.816
709.697  272.872  240.131  270.426
676.166  277.671  205.01  274.898
698.397  277.462  226.814  274.881
693.425  265.646  229.874  262.616
691.654  318.392  220.155  316.563
753.979  292.379  282.083  291.181
753.218  287.712  280.865  286.851
642.689  337.322  158.905  338.272
819.072  288.015  338.405  287.496
671.559  256.051  201.672  251.642
769.045  282.121  295.568  281.859
680.559  366.541  202.433  367.469
729.854  259.752  259.66  259.114
653.278  432.499  163.935  442.12
667.27  261.991  194.664  258.468
584.666  285.031  95.6046  280.147
676.705  450.45  191.705  455.925
697.105  157.571  226.883  153.202
804.721  351.692  323.017  346.617
700.938  255.138  232.565  253.007
595.903  310.726  108.465  308.65
674.271  215.404  203.221  209.931
648.205  294.23  173.532  291.524
545.095  142.855  39.5042  107.868
719.846  272.714  252.223  271.072
550.709  293.958  43.5821  289.573
698.251  319.512  224.497  317.471
824.882  323.866  344.154  318.875
885.216  315.239  384.744  313.173
659.042  187.742  187.988  179.378
824.62  194.632  343.533  204.669
738.104  209.658  268.063  210.93
698.781  304.782  226.92  303.065
590.457  259.692  101.201  251.168
801.562  266.47  325.578  267.345
830.398  212.01  343.986  220.029
654.511  431.684  167.583  439.196
876.072  213.958  385.521  224.961
694.965  315.43  222.863  313.766
721.767  177.559  254.087  177.807
846.817  191.535  361.543  203.908
727.87  162.112  258.052  163.044
888.125  317.99  387.687  315.171
659.336  287.228  183.955  283.948
705.209  163.696  236.588  161.605
678.617  235.876  208.786  231.379
692.317  240.148  223.261  236.708
741.056  202.429  270.344  203.39
724.538  290.502  252.869  289.2
628.771  330.004  145.416  330.85
746.463  189.926  275.364  192.568
730.442  218.931  260.302  219.317
654.936  367.397  175.148  369.648
732.898  294.774  260.982  293.482
651.482  294.312  175.75  291.128
737.526  205.892  266.866  207.2
657.746  285.856  181.675  282.536
650.721  284.769  173.856  281.994
723.585  296.093  251.494  293.94
586.875  141.597  99.196  116.084
838.686  228.538  355.712  236.031
624.734  253.067  143.795  246.748
691.47  299.638  219.455  297.852
706.351  287.879  234.889  286.266
759.647  291.838  287.218  290.815
735.373  207.032  264.855  208.121
564.933  205.173  71.3967  186.039
767.18  269.737  292.828  269.597
656.378  389.21  176.774  391.467
773.528  270.033  299.635  270.732
630.427  443.023  138.108  456.231
680.614  430.503  198.395  433.655
725.265  144.417  256.527  144.459
682.477  350.858  205.687  350.164
599.667  159.788  119.227  140.744
662.77  298.806  189.26  296.632
789.146  256.728  314.126  258.901
748.237  267.766  277.868  267.542
706.602  217.431  238.742  214.982
630.649  426.33  142.386  436.352
863.506  361.68  370.215  353.285
771.803  298.123  297.984  296.901
668.864  292.045  194.08  289.18
719.225  218.096  251.474  217.585
904.669  329.927  401.773  324.94
722.703  129.117  254.119  129.656
604.025  302.373  122.644  298.711
616.236  277.493  135.332  272.025
767.202  300.989  293.66  299.589
705.096  274.614  234.265  272.089
647.516  120.72  169.14  105.37
658.237  282.852  182.59  279.314
619.421  260.412  137.987  254.448
776.353  192.681  301.954  198.303
799.585  163.207  323.937  172.614
871.295  349.508  375.547  342.945
660.568  116.266  183.836  102.355
644.971  277.87  169.132  274.322
648.197  111.51  170.809  95.7104
719.77  143.234  251.184  143.288
574.566  271.802  82.9866  263.841
831.267  283.066  350.258  283.684
744.907  267.199  275.72  266.774
749.729  273.251  277.597  273.089
712.211  314.491  240.703  312.711
737.344  203.176  266.572  204.572
706.522  162.413  238.145  159.696
605.466  277.743  121.745  272.807
681.29  227.733  211.169  224.08
703.069  312.374  230.957  310.783
741.782  229.538  271.918  229.672
697.516  165.864  228.597  161.849
777.742  164.209  303.136  171.492
783.242  241.41  308.264  244.545
713.184  235.122  243.516  233.112
668.494  231.776  197.944  227.196
600.09  156.397  117.018  135.691
678.942  293.707  204.433  292.035
685.299  345.115  211.222  344.346
652.802  431.057  164.965  439.006
703.965  295.636  232.491  293.996
685.642  129.842  208.04  121.893
585.015  342.693  92.0954  345.156
662.235  166.821  191.041  158.558
715.466  231.216  244.095  229.441
781.499  131.374  306.866  139.96
734.986  244.392  264.852  243.62
679.293  263.71  209.011  260.775
591.527  259.265  103.614  251.525
677.649  407.998  198.379  410.492
633.083  296.329  156.653  292.602
676.972  344.006  200.938  343.946
609.122  278.755  127.777  273.915
682.282  163.623  213.292  157.403
791.321  173.808  315.59  182.238
669.156  235.45  197.579  231.094
770.378  212.093  295.611  216.14
673.727  428.176  192.329  432.412
627.329  126.358  144.127  107.057
667.187  305.28  193.7  303.495
830.793  262.507  346.971  265.159
724.575  156.403  255.99  157.189
663.305  127.83  186.954  116.298
651.692  105.865  178.984  90.5936
656.561  302.562  180.805  299.867
801.73  212.762  324.743  219.349
659.637  318.307  186.564  315.779
832.441  342.633  346.176  337.701
651.73  251.413  178.362  245.626
635.556  122.574  157.494  104.5
866.42  190.865  376.584  205.133
594.354  367.574  101.238  374.34
844.209  346.695  353.774  341.733
661.528  137.686  185.286  126.611
800.518  321.185  320.803  318.735
682.24  257.339  212.714  254.402
714.938  220.089  243.488  219.24
542.714  275.87  36.0068  267.297
876.002  198.474  385.963  212.598
610.931  364.233  123.005  368.225
773.414  277.649  299.385  277.944
709.836  264.025  241.193  262.419
863.299  193.755  374.99  207.435
682.266  310.183  209.156  308.719
647.647  108.928  168.918  92.4818
676.923  242.982  207.302  239.412
712.374  215.453  244.054  214.434
588.362  250.04  101.158  240.854
591.537  368.172  98.1959  374.023
598.532  119.37  113.321  92.9071
749.033  271.859  278.739  271.532
675.496  361.391  197.89  362.321
795.049  298.521  316.423  296.984
774.891  197.529  300.299  201.795
714.824  240.344  244.909  238.357
691.816  280.38  219.83  278.514
690.877  232.215  222.164  229.457
682.326  263.482  212.476  260.708
818.855  169.916  338.142  180.664
626.848  432.79  135.255  443.991
680.326  273.895  207.976  271.52
597.556  348.483  106.565  351.44
660.851  299.031  187.069  296.958
708.798  286.074  240.497  284.118
757.217  297.475  284.167  295.345
663.506  374.636  183.299  377.254
619.92  260.403  139.811  253.438
715.112  302.282  243.555  300.775
660.604  135.822  184.029  124.422
628.93  295.53  151.64  291.648
664.39  297.608  189.171  295.839
650.048  293.998  173.451  290.754
837.067  340.668  350.212  335.764
666.363  269.459  191.331  265.534
579.458  347.121  81.0238  351.262
830.979  229.782  348.592  235.8
667.009  234.883  196.521  230.37
772.047  260.217  297.999  261.661
785.58  157.946  305.792  165.911
714.742  136.172  247.222  134.633
584.217  135.114  98.3651  108.456
761.171  296.775  289.181  295.476
649.409  286.386  172.805  283.745
708.261  243.699  239.653  241.167
675.601  268.012  203.601  264.179
706.513  303.541  235.151  301.945
710.565  235.737  242.041  233.408
838.697  376.958  345.203  370.744
659.068  291.72  183.918  289.529
562.058  339.056  60.8276  343.06
754.138  187.79  282.625  191.488
726.09  309.048  254.836  307.339
584.488  127.278  98.0677  99.3475
806.799  386.508  321.804  378.318
719.388  207.778  251.764  207.552
772.367  225.556  297.715  229.131
696.884  158.945  228.08  155.727
711.069  293.461  239.441  292.073
724.777  288.32  253.182  286.106
667.685  179.846  195.475  171.85
701.108  295.78  229.036  294.307
806.73  301.772  327.442  300.815
688.612  159.878  219.206  155.398
626.901  273.813  148.954  269.333
689.825  241.95  220.607  239.305
786.986  274.067  312.656  274.835
680.453  289.187  207.072  287.37
803.955  223.322  325.788  229.291
764.343  282.531  291.171  282.372
695.646  153.71  227.466  149.191
718.097  317.249  246.084  315.622
809.447  183.93  328  193.387
773.405  162.826  300.034  169.868
691.942  297.055  220.337  295.346
726.526  134.814  257.245  135.986
840.295  391.45  349.475  381.794
553.047  283.567  52.2907  276.584
731.028  178.473  259.949  179.686
605.351  159.241  123.995  140.95
696.674  189.438  227.661  185.57
657.624  194.547  186.6  186.183
590.741  377.211  93.5855  385.251
706.536  277.215  236.087  275.687
636.161  297.876  158.787  294.403
616.59  289.591  137.927  285.969
665.038  373.939  188.979  375.088
868.014  258.653  380.186  263.475
765.767  295.653  292.975  294.613
660.87  312.61  185.072  310.358
799.917  160.243  324.232  169.756
654.464  323.937  178.327  322.151
771.397  166.044  297.776  172.638
608.832  280.365  125.083  276.064
745.605  177.241  273.828  180.258
703.14  247.345  234.005  245.633
660.762  134.027  184.064  122.568
652.922  279.345  177.516  275.192
848.295  259.608  361.722  264.172
738.895  198.545  268.433  200.377
636.048  418.924  148.994  427.818
801.457  331.906  320.601  327.644
710.848  202.457  239.244  200.094
737.864  193.798  267.532  194.451
731.014  202.458  259.878  203.376
694.713  323.322  222.515  321.922
711.95  210.669  241.026  209.671
787.959  253.552  312.51  254.972
811.49  224.779  332.443  231.175
736.605  180.637  265.928  182.592
652.47  285.693  176.585  281.902
626.588  434.708  134.646  446.134
642.258  298.401  167.894  294.666
631.702  304.611  154.244  301.418
683.354  293.867  211.307  292.055
791.384  260.295  316.501  262.413
858.794  321.857  367.284  319.124
692.791  301.201  221.006  299.626
682.282  163.623  211.608  156.988
585.271  264.567  94.7538  257.378
550.401  294.805  45.2287  290.068
631.67  265.681  152.885  259.75
718.018  290.233  246.441  289.064
839.868  191.3  353.921  203.181
734.456  237.128  264.492  236.353
624.478  272.513  147.576  266.498
745.993  285.308  274.077  284.705
882.332  348.246  383.317  340.619
583.593  252.738  97.9986  243.568
739.694  209.05  269.732  210.739
842.466  237.293  357.658  244.285
658.488  173.966  185.967  164.341
607.755  160.485  126.553  141.493
602.637  251.271  117.293  243.485
849.234  214.753  369.339  224.739
706.099  274.949  235.696  273.47
679.706  344.479  202.838  343.494
828.829  262.738  347.068  266.14
906.665  168.545  404.012  189.519
711.411  323.131  239.194  321.621
708.121  217.97  238.978  215.416
817.435  371.705  332.94  364.645
893.109  295.155  394.876  294.419
656.585  152.561  188.83  143.462
747.051  188.255  274.89  191.183
844.224  227.827  358.698  236.074
725.929  182.023  257.564  181.626
656.563  155.96  178.899  144.069
744.433  244.033  275.043  243.547
627.359  165.075  146.58  150.698
619.02  273.864  136.969  268.115
743.312  210.233  272.862  210.923
650.154  184.979  175.758  176.088
684.507  294.458  212.907  292.656
771.631  289.411  297.366  289.13
584.968  275.171  95.4063  269.355
711.697  307.544  239.888  306.158
790.19  340.764  312.052  336.892
735.945  208.65  265.384  210.015
811.667  302.081  331.288  301.311
705.541  298.111  234.429  296.629
664.187  133.824  194.122  123.097
613.868  355.948  126.516  360.19
652.16  192.316  182.121  183.186
749.004  193.058  277.673  196.147
664.881  178.83  193.87  170.44
720.941  289.844  249.004  288.839
704.664  174.703  235.182  171.478
669.016  290.414  196.272  288.277
767.132  282.302  294.04  282.27
668.603  269.746  193.023  265.858
769.852  289.428  295.854  289.113
720.509  139.821  253.001  139.095
612.728  353.99  123.471  358.562
687.361  242.82  218.635  240.115
765.417  281.972  294.312  281.591
615.774  168.723  138.798  152.33
850.865  214.377  364.065  224.684
660.227  306.012  181.676  303.892
656.557  433.088  168.531  442.249
712.432  235.802  243.521  234.836
663.904  259.444  192.545  255.845
751.123  274.102  286.421  273.031
704.93  257.576  236.434  255.979
697.787  266.59  227.609  264.814
806.82  299.426  327.249  298.914
677.385  306.225  205.488  304.571
611.93  288.117  127.101  285.033
775.463  256.374  301.089  258.377
704.822  309.456  234.084  307.832
725.797  269.905  256.37  269.089
739.272  179.233  268.434  180.224
912.96  402.438  402.854  385.872
648.917  201.845  178.695  192.842
903.131  358.444  397.988  348.689
842.81  377.263  352.712  368.72
851.547  203.584  364.977  215.252
705.025  384.632  227.259  384.754
651.132  121.43  173.07  105.682
927.71  327.345  419.064  322.243
789.265  259.043  314.83  261.249
730.684  298.476  259.844  297.156
732.544  185.172  261.856  186.658
765.869  171.005  292.308  176.757
756.454  254.023  283.722  255.304
802.015  353.461  320.335  348.844
803.45  299.298  325.433  298.526
684.046  252.749  215.176  250.017
671.827  285.008  200.97  282.569
621.717  432.349  128.144  444.423
658.073  366.53  178.449  368.96
697.007  209.821  227.566  206.105
652.831  149.82  175.868  136.949
893.643  397.755  388.203  383.686
644.048  155.059  166.456  141.209
663.461  323.636  186.707  321.932
721.761  170.929  253.697  171.536
885.508  233.332  390.805  243.229
703.538  275.942  229.104  273.551
799.355  164.957  323.224  175.302
657.466  248.442  186.842  242.511
755.997  181.766  283.728  186.027
719.376  258.638  252.151  257.64
781.928  275.423  307.754  276.207
700.146  259.995  231.012  258.256
739.271  270.241  268.355  270.066
711.882  248.899  243.15  246.34
688.263  232.632  219.174  229.919
529.676  126.64  25.7014  87.2849
770.987  130.319  296.416  138.288
752.65  176.818  280.975  180.904
626.86  275.45  149.583  269.726
890.428  409.774  387.256  392.9
708.554  237.863  239.814  235.176
720.576  302.265  249.267  300.964
678.177  156.842  204.56  148.731
598.029  167.463  117.012  147.883
680.273  164.464  211.977  159.314
623.409  258.109  142.98  252.471
776.852  185.354  302.251  191.733
579.209  203.228  89.2053  185.295
748.227  201.053  277.239  203.901
723.44  305.062  252.279  303.67
737.178  263.395  267.239  263.292
656.724  304.238  182.725  302.552
798.147  352.782  318.633  347.764
857.777  212.12  372.088  221.726
720.091  251.57  250.768  249.445
781.49  244.174  306.756  247.333
602.722  380.138  108.726  387.388
743.148  203.45  273.051  205.766
656.186  506.734  164.858  519.884
779.638  298.08  304.125  297.473
648.869  270.371  174.742  265.207
773.636  254.398  299.556  256.507
720.46  215.026  250.397  214.98
579.28  153.738  86.4314  127.698
635.298  140.346  157.894  123.819
680.054  428.162  195.853  431.895
651.026  115.043  172.959  98.6356
680.235  280.189  205.464  276.998
783.334  243.576  308.843  246.85
575.643  269.544  83.9628  262.558
833.834  186.844  351.372  197.382
731.361  250.446  262.047  250.474
843.639  348.489  353.774  341.733
678.343  259.463  208.034  256.712
637.019  124.521  158.588  108.096
826.322  195.036  343.972  205.54
841.207  199.519  357.425  210.915
710.449  305.425  238.842  304.143
757.428  215.156  286.203  218.319
835.444  217.133  349.559  224.611
915.671  208.375  409.673  224.188
722.64  289.666  250.876  288.78
780.458  259.18  305.872  259.672
772.829  268.152  298.79  269.375
737.892  266.403  267.361  264.736
662.559  527.184  171.698  541.948
833.126  204.887  350.864  215.038
834.02  262.448  351.157  266.24
704.064  266.153  235.242  264.614
714.41  349.963  238.769  349.207
645.672  395.398  167.256  397.46
837.154  189.675  354.553  200.23
743.385  174.054  271.883  177.115
748.57  238.426  278.202  238.312
718.157  231.08  247.073  229.13
776.406  213.129  301.73  216.35
877.873  197.962  385.963  212.598
878.435  202.631  381.801  214.932
626.21  167.551  153.607  152.92
738.401  298.399  267.58  297.207
691.271  386.556  213.483  387.671
602.018  250.065  116.718  240.617
705.561  160.71  238.479  157.645
666.826  184.82  195.795  176.796
660.842  182.969  189.348  174.067
582.842  341.805  89.1095  345.601
587.982  120.311  101.321  91.5276
684.286  362.39  208.351  362.872
867.049  354.221  372.327  347.561
668.49  370.147  188.812  372.614
733.126  307.242  260.731  306.122
686.799  254.349  217.844  251.949
842.311  382.432  351.514  371.927
722.766  269.669  253.351  268.916
658.165  433.951  172.221  442.22
707.255  175.065  238.831  172.125
717.633  133.695  250.53  132.397
832.552  263.296  350.07  266.982
702.224  331.548  230.093  330.289
803.916  283.556  327.007  284.201
662.166  527.352  170.204  540.941
680.047  253.98  210.792  251.205
698.896  210.359  229.633  206.693
673.305  299.592  201.88  297.8
687.185  278.018  212.492  274.941
648.237  295.88  172.096  292.249
804.929  280.409  327.872  281.39
607.544  243.742  124.561  235.655
676.446  359.421  199.441  360.466
610.893  257.884  131.788  251.344
754.163  279.015  282.349  279.033
681.269  357.805  204.585  358.586
849.379  370.957  357.448  361.372
602.406  240.077  118.721  229.41
830.833  223.475  348.716  231.549
707.764  232.384  239.502  231.271
899.075  213.037  398.047  227.098
536.268  131.436  30.2922  92.0656
672.78  233.444  203.133  229.681
678.075  225.453  207.179  220.147
624.472  145.345  147.337  129.367
715.202  149.525  247.092  149.41
850.318  331.783  360.332  328.27
684.24  242.564  214.453  239.898
644.603  196.237  174.376  188.004
717.4  299.582  246.571  298.365
573.513  272.567  82.2701  265.938
620.807  168.151  144.399  152.248
545.577  135.721  39.4858  100.479
740.5  272.186  270.532  271.995
651.977  179.275  179.061  168.828
712.465  335.719  239.212  334.563
673.995  294.446  201.59  292.753
581.043  285.69  87.198  281.74
731.733  327.536  256.933  324.636
829.742  190.025  348.925  201.59
699.067  166.672  229.979  162.401
685.484  381.994  208.348  383.192
660.994  189.127  189.775  180.529
731.923  297.734  257.387  297.413
616.062  274.669  135.276  270.249
551.124  362.317  41.7801  372.17
679.546  261.917  210.111  259.33
756.261  277.68  285.337  277.687
641.383  261.77  167.739  257.295
827.306  263.543  346.33  266.994
729.909  187.417  260.837  187.083
820.152  284.848  340.09  285.807
742.768  215.461  272.888  215.686
718.307  204.656  247.852  204.617
787.907  258.736  312.868  261.224
667.294  298.828  193.329  297.37
724.168  267.876  255.231  267.22
760.948  232.622  287.395  235.411
650.31  119.511  173.398  105.41
780.382  292.844  306.417  292.425
653.557  255.013  181.292  249.027
780.467  257.326  305.872  259.672
745.909  169.31  274.349  172.921
713.47  260.222  245.914  259.15
732.048  251.772  262.86  251.929
675.497  430.883  188.828  436.108
754.378  277.368  282.392  277.563
793.068  211.329  314.765  217.762
717.166  308.06  246.382  306.711
727.551  220.873  257.658  221.523
654.655  284.859  178.255  280.861
706.051  255.615  236.175  254.453
722.971  254.438  254.191  254.056
652.849  430.671  164.325  440.456
658.952  350.019  181.465  351.295
871.23  223.312  377.496  234.202
691.841  299.493  218.494  296.605
664.823  121.278  187.618  107.855
732.234  183.608  261.665  185.328
653.626  289.166  177.093  285.363
741.76  205.505  271.565  205.914
652.56  428.934  167.079  437.207
848.452  221.344  363.116  230.88
905.187  319.71  402.585  316.872
690.632  295.769  218.845  294.45
829.977  272.728  347.665  275.403
749.526  287.299  274.807  285.561
669.288  461.399  182.884  468.036
694.185  234.998  224.842  232.994
728.927  302.809  257.05  299.878
708.356  289.325  237.207  288.262
726.292  296.056  254.902  295.167
704.711  287.757  233.375  286.662
758.189  296.298  287.286  295.272
730.257  321.95  258.973  320.229
836.365  332.623  351.427  328.515
721.705  235.951  254.022  235.864
645.028  267.748  175.611  261.556
753.535  175.193  281.447  179.636
707.7  248.214  239.155  245.163
711.979  154.345  244.325  153.932
772.608  256.22  298.613  258.391
701.661  256.621  233.611  255.119
708.705  305.589  237.408  304.439
906.388  170.288  403.189  191.26
726.771  203.919  256.229  204.817
583.221  252.828  99.8882  243.91
762.819  221.195  288.164  224.748
580.456  163.613  89.7398  139.422
684.111  244.202  214.612  241.67
861.708  189.59  374.14  204.214
778.807  316.96  298.081  314.622
769.957  324.221  295.181  322.117
832.827  282.2  349.717  283.966
650.476  282.194  173.383  279.924
794.987  350.644  314.866  346.656
910.2  437.065  399.133  415.45
738.239  238.119  269.288  239.155
685.034  126.701  210.747  119.869
577.194  349.707  79.3413  353.479
763.982  270.752  290.567  271.804
871.712  202.314  382.396  216.097
633.71  329.384  150.973  330.802
729.618  249.513  260.887  249.691
689.163  232.537  221.273  230.166
790.618  323.288  312.993  321.127
655.616  342.367  177.318  343.661
842.728  253.431  363.536  258.112
579.233  349.772  80.8598  353.732
662.892  326.203  187.893  323.845
822.846  287.011  342.38  287.892
771.552  173.177  296.821  179.784
782.875  239.786  308.146  243.603
722.706  203.265  252.467  201.725
588.517  299.233  96.5614  295.391
646.821  146.232  170.547  134.085
821.861  376.563  335.251  367.51
617.027  159.097  139.067  141.342
707.734  246.464  239.009  243.358
649.409  286.386  173.856  281.994
927.358  426.615  411.786  404.992
720.625  312.578  250.681  311.043
822.45  381.297  335.474  371.804
845.546  229.797  359.835  238.307
582.269  286.952  91.9309  280.877
929.028  326.314  419.064  322.243
842.159  348.523  353.729  343.326
708.447  298.751  237.922  297.596
651.883  280.537  176.134  275.953
585.271  264.567  94.5013  255.696
842.877  212.688  359.718  222.993
782.706  164.352  307.718  170.733
646.383  263.443  171.613  259.649
691.622  273.845  219.538  272.487
787.336  258.952  314.83  261.249
647.669  104.869  168.851  88.6296
708.875  307.511  238.238  306.292
700.593  271.575  230.295  268.155
789.592  237.203  315.02  241.573
636.377  280.717  161.514  275.259
665.022  182.118  193.957  173.478
626.459  180.184  143.293  165.226
660.623  240.548  190.966  236.301
606.676  253.093  124.245  243.967
582.119  136.934  92.3021  111.064
633.983  180.258  156.795  166.92
661.188  119.816  184.634  105.65
702.654  238.986  233.896  235.536
770.33  255.476  295.931  257.78
803.074  172.378  325.239  182.829
740.365  243.067  264.809  242.343
741.411  181.004  271.074  181.858
744.733  219.117  274.843  219.181
886.54  224.296  391.073  236.033
778.787  266.744  304.343  266.309
839.514  226.579  356.135  235.091
767.94  324.196  293.491  322.191
719.251  164.245  252.327  165.129
666.119  367.496  186.607  370.174
687.37  247.464  219.647  245.216
778.326  158.872  303.42  167.152
742.523  179.704  270.548  182.804
593.429  359.451  98.9665  366.272
718.164  261.333  248.692  260.865
697.968  270.032  226.694  268.859
773.689  212.022  300.144  217.05
653.841  277.565  178.446  272.804
824.485  226.918  343.371  234.496
787.53  201.444  312.602  208.352
732.662  251.746  264.613  252.06
726.781  222.307  256.302  220.794
786.224  280.953  311.423  281.847
836.764  202.959  353.551  213.965
676.788  372.509  199.32  374.31
764.849  266.851  290.067  266.13
822.722  244.431  341.592  250.141
830.853  283.822  349.616  285.147
710.227  531.339  219.49  538.669
864.735  189.082  376.179  201.85
804.935  298.84  326.799  298.559
888.673  222.853  392.788  234.971
844.175  379.093  354.185  370.553
785.366  277.993  312.851  278.715
632.282  409.2  143.93  418.699
736.711  310.603  262.196  310.176
651.667  129.106  174.985  116.353
709.412  276.848  239.18  273.625
691.405  395.085  213.384  396.718
713.775  300.577  242.727  299.648
719.129  267.894  250.499  267.272
627.56  321.994  144.441  322.899
902.821  454.052  393.851  429.877
721.443  303.579  250.345  302.636
787.019  169.968  311.792  178.853
769.852  289.428  297.577  289.264
838.686  228.538  356.681  234.404
810.262  186.605  329.488  196.624
711.125  311.958  239.872  310.916
719.172  264.806  250.318  264.287
700.16  275.171  226.752  272.057
780.037  163.861  305.71  169.888
889.11  411.159  387.256  392.9
906.674  320.805  403.358  318.148
718.109  280.651  247.194  280.099
799.955  349.434  318.23  345.923
686.142  261.057  219.169  258.861
587.598  251.044  100.156  242.629
816.292  243.857  334.94  249.468
640.163  120.195  161.665  104.29
841.297  417.925  348.236  404.047
720.64  269.171  250.938  268.744
795.251  264.204  319.902  264.288
832.377  222.941  348.716  231.549
742.499  263.055  274.321  263.391
661.948  133.776  185.746  123.231
554.536  428.56  38.6177  450.286
690.534  293.932  219.003  292.808
705.565  194.379  236.858  190.965
618.491  283.932  139.902  278.111
590.859  355.955  93.2958  360.686
666.928  190.634  195.875  182.517
741.058  246.109  268.138  245.054
604.392  383.482  110.56  390.572
616.129  281.835  135.235  275.962
765.556  164.524  292.236  168.584
705.246  210.498  236.99  209.56
670.801  230.391  201.091  226.718
807.179  289.324  328.091  290.215
665.234  192.182  193.946  183.899
856.634  245.882  369.359  253.044
589.581  267.765  99.4462  259.44
750.417  167.164  277.662  171.601
560.324  214.331  64.323  195.252
621.048  345.95  138.723  346.036
834.904  289.704  351.751  290.743
601.957  240.751  117.204  229.771
875.622  378.504  378.01  368.77
687.31  349.851  211.888  350.341
906.418  171.758  403.678  192.84
626.857  279.845  149.402  273.964
883.732  203.83  385.196  215.943
727.456  191.932  258.792  190.926
793.007  278.722  316.542  280.217
775.03  280.677  300.583  281.633
690.859  236.584  222.417  234.637
670.447  140.043  202.368  133.053
701.84  262.817  231.934  261.78
801.062  177.723  311.181  183.812
780.458  259.18  305.874  261.758
780.859  219.007  305.973  224.325
663.487  371.642  184.388  374.572
616.601  272.582  139.228  265.468
717.787  266.95  249.401  266.394
662.918  517.384  170.977  529.914
741.512  237.126  271.75  236.114
730.319  252.062  261.735  252.45
775.473  300.327  300.341  300.111
844.317  368.473  355.857  360.667
767.109  326.626  292.189  324.84
774.21  187.816  299.679  194.338
730.493  224.471  260.081  223.042
646.438  299.911  170.132  296.007
650.474  194.267  179.469  184.32
624.095  173.017  150.074  157.897
806.339  282.708  328.999  283.971
905.187  319.71  404.556  316.439
847.702  296.414  362.251  293.942
663.978  369.852  185.111  372.673
900.14  453.906  391.314  430.337
787.363  176.793  312.223  185.477
660.022  434.226  174.544  442.69
645.826  298.238  170.672  294.006
704.002  394.721  225.428  395.919
686.736  235.751  216.836  233.601
874.159  322.4  374.209  319.231
816.38  172.428  337.185  184.694
707.713  241.807  239.015  238.437
789.402  257.098  314.742  257.426
669.452  128.618  193.915  119.271
780.73  242.599  306.205  246.408
716.145  134.706  249.778  132.809
777.236  313.86  303.051  312.389
765.8  324.531  293.491  322.191
834.282  185.481  351.671  195.611
700.884  261.33  231.42  260.289
854.405  210.481  367.559  222.191
882.32  207.997  385.559  222.087
736.688  214.522  265.763  213.779
810.582  245.823  335.135  250.639
838.953  416.948  346.281  403.222
661.951  155.367  194.189  147.943
747.358  197.583  276.128  201.069
684.568  139.745  215.973  135.017
556.222  439.246  37.5086  463.838
744.803  273.441  273.997  271.119
829.035  407.316  340.587  397.348
705.579  257.727  235.031  257.053
916.525  208.77  410.872  225.169
734.659  304.497  262.512  303.958
890.572  400.057  388.196  386.819
689.684  140.086  220.438  136.084
683.266  131.994  216.32  124.31
894.169  332.848  390.79  327.112
841.048  297.448  358.297  297.275
825.399  322.483  337.138  319.157
868.196  189.078  379.899  201.967
711.074  242.691  242.747  239.447
790.212  180.818  315.248  189.684
781.431  270.521  307.438  272.337
678.619  262.421  211.561  260.087
680.676  363.184  202.079  365.317
764.791  178.661  286.816  184.206
771.502  179.762  297.223  186.498
767.94  324.196  291.658  323.07
876.062  378.305  379.561  368.069
752.351  334.07  277.653  332.58
819.02  265.73  337.368  269.564
606.68  279.267  121.745  272.807
750.577  193.096  278.002  197.048
594.026  365.42  101.083  372.873
691.111  247.867  223.095  246.198
762.239  269.451  286.604  271.288
714.823  258.205  247.117  254.851
718.657  131.102  249.014  131.755
765.711  301.779  294.234  300.923
846.681  209.677  361.509  221.014
741.317  317.523  269.683  316.331
894.444  448.47  386.972  426.389
735.992  271.262  266.531  268.535
847.604  197.636  359.593  210.36
621.191  278.092  143.774  271.529
631.872  181.45  147.616  166.811
736.511  206.981  266.827  209.287
589.178  283.541  101.492  279.729
660.96  432.567  174.571  441.503
904.573  179.666  403.224  199.755
913.962  336.05  407.832  331.27
775.941  236.508  301.411  240.617
686.274  142.096  217.836  137.875
849.493  198.945  362.594  211.768
869.249  414.231  373.358  399.605
706.36  222.054  238.345  221.493
787.963  353.283  308.874  349.8
623.718  289.61  143.176  284.494
864.434  190.427  377.705  202.749
824.638  202.838  346.671  213.298
820.148  288.986  340.77  289.941
754.114  159.458  284.917  165.487
741.669  198.095  272.21  198.174
681.613  321.609  212.24  317.37
699.079  202.329  232.606  201.124
674.433  211.172  203.204  204.397
658.027  188.709  186.273  179.059
782.849  162.245  308.035  168.327
756.392  205.364  285.675  206.566
588.507  271.604  98.7664  263.377
848.966  208.001  364.515  219.792
654.529  305.906  182.59  304.65
650.103  197.055  179.32  187.022
612.881  257.018  131.788  251.344
780.927  135.443  306.254  142.594
837.832  213.95  352.173  221.15
679.185  297.376  208.358  296.276
701.989  237.884  233.716  233.904
591.414  243.847  103.095  235.219
696.634  228.981  226.787  224.591
793.271  226.736  318.219  232.653
90.2676  392.116  494.302  241.225
636.14  153.686  162.783  141.614
834.73  291.457  352.961  292.275
609.319  245.113  127.479  234.84
706.597  250.606  238.108  246.862
719.975  127.217  250.411  128.241
801.522  355.431  320.075  351.547
676.697  363.573  198.164  365.997
896.185  397.496  392.409  384.506
755.121  294.203  281.743  291.219
655.616  182.259  185.43  175.258
735.072  338.028  261.35  336.97
891.518  448.26  384.627  426.473
646.736  246.235  173.396  241.891
810.422  279.41  331.105  281.661
643.795  259.108  169.13  255.422
824.472  408.572  336.547  399.278
722.827  263.06  253.881  263.189
586.276  120.905  101.321  91.5276
736.309  318.695  262.674  318.269
788.846  176.316  313.717  185.519
579.79  240.737  89.6784  227.473
605.991  388.983  113.151  395.878
735.935  321.589  263.332  320.802
594.123  276.869  106.215  269.426
742.832  239.849  267.811  242.065
560.798  290.523  58.9586  284.321
706.285  214.925  238.635  211.216
723.329  315.35  252.904  314.441
710.227  265.348  240.962  264.989
680.507  355.341  205.085  353.031
854.753  296.939  364.633  295.011
626.37  165.575  145.775  148.804
654.701  123.495  176.991  111.056
787.516  199.72  313.106  207.288
805.325  173.343  327.427  184.582
925.894  476.349  410.517  449.274
840.245  348.467  353.729  343.326
625.72  324.697  144.841  325.823
672.332  358.241  192.587  361.102
841.84  373.652  352.928  366.216
663.837  510.529  171.998  522.102
786.556  161.19  311.481  167.663
693.33  295.621  220.337  295.346
928.38  194.172  419.139  214.12
560.508  261.098  62.5378  249.512
753.91  279.72  281.977  280.575
856.426  432.188  360.063  414.488
897.568  396.591  392.409  384.506
681.716  241.696  213.337  239.61
640.149  254.985  166.776  250.805
581.353  223.323  92.2018  207.632
899.837  194.015  397.496  211.715
670.807  366.94  190.735  370.31
666.814  236.599  197.36  233.329
748.598  269.948  291.095  269.146
773.551  259.675  299.3  262.46
632.591  121.069  154.863  104.725
849.418  221.987  365.205  232.264
768.095  321.013  286.505  318.324
844.464  376.245  355.667  368.074
597.881  273.234  113.972  265.109
727.127  207.172  256.196  208.819
804.121  282.008  325.62  284.073
800.162  280.462  322.629  282.509
806.442  201.213  327.442  210.404
793.357  350.313  314.624  346.757
780.224  269.323  306.092  271.61
674.899  442.835  189.294  446.976
765.084  163.254  288.006  169.767
867.63  187.458  379.19  200.108
662.456  509.519  170.83  520.961
659.703  259.904  189.405  257.101
666.643  179.888  193.87  170.44
878.452  190.82  386.74  207.515
643.984  292.683  171.283  290.886
734.672  310.327  262.666  309.988
613.2  390.791  121.353  397.27
837.592  182.768  355.699  193.169
612.166  249.475  126.425  239.826
538.061  132.157  31.6726  92.1708
884.72  412.668  381.818  395.281
638.281  277.712  163.79  275.052
905.246  187.64  401.494  206.782
886.469  447.199  381.281  425.462
736.555  313.95  263.534  313.731
618.986  262.542  137.987  254.448
803.285  179.334  325.533  190.041
768.612  279.748  296.237  280.947
697.996  257.044  228.888  256.3
753.838  302.311  285.564  301.255
627.241  181.483  145.227  166.129
773.081  265.83  298.842  264.574
905.105  477.462  394.665  453.867
791.441  304.315  317.141  303.689
626.756  285.068  150.017  278.885
626.093  173.525  150.074  157.897
906.674  320.805  405.471  317.993
721.751  242.71  252.759  243.472
586.336  243.79  98.4777  235.018
752.879  282.977  280.945  283.839
784.695  163.127  326.74  175.485
841.53  390.868  349.486  378.921
636.252  162.793  156.391  146.979
800.797  348.209  323.728  343.631
714.124  318.868  243.113  318.385
677.486  239.352  207.822  237.149
669.299  256.031  195.66  250.205
914.015  333.611  409.257  329.047
841.337  220.277  357.254  230.45
741.034  321.22  268.209  320.672
614.457  166.758  132.936  148.083
704.062  222.846  233.501  222.516
575.013  356.192  81.4157  358.805
570.185  151.046  76.0609  121.833
665.124  236.296  193.634  229.261
816.665  186.543  336.012  198.064
816.338  245.422  334.469  251.698
662.749  194.898  190.793  185.688
673.516  254.731  204.545  252.662
671.853  124.31  205.375  117.977
661.576  305.926  188.885  305.439
646.406  305.56  169.162  301.443
758.318  297.551  286.97  297.605
775.068  261.613  300.8  260.527
596.937  383.067  102.53  393.703
754.398  187.329  281.021  192.401
840.801  334.544  357.463  330.214
589.318  357.254  93.4507  360.83
809.552  240.291  331.347  246.523
719.258  172.255  251.81  173.903
703.797  260.195  233.487  260.044
657.917  312.951  181.843  309.245
913.63  157.35  404.411  181.242
756.464  202.27  284.403  207.128
722.251  270.348  253.908  270.62
650.379  127.362  173.873  115.192
828.765  361.775  343.435  356.298
833.365  205.515  349.666  216.843
702.565  264.174  234.367  263.767
693.365  260.174  218.868  259.933
624.225  165.561  144.482  148.205
676.13  304.788  203.968  300.327
819.614  364.254  336.216  358.787
684.606  245.82  215.633  244.383
660.994  193.9  189.855  184.382
914.395  403.121  402.602  385.569
597.325  118.277  114.687  90.4694
655.398  96.3501  177.211  82.0125
845.133  204.206  363.036  216.726
676.802  234.971  207.096  232.772
590.095  248.104  102.486  236.252
699.004  189.711  228.787  184.506
747.676  339.946  273.405  338.931
815.753  182.171  335.708  194.169
621.709  185.111  140.7  169.306
590.536  263.753  101.424  254.029
625.923  124.872  148.764  108.288
661.928  433.89  174.821  443.863
627.192  322.356  146.102  323.827
675.364  358.767  203.519  355.002
650.66  271.712  176.447  265.356
598.522  160.599  111.838  137.956
901.686  445.484  392.541  422.084
655.295  338.993  179.406  336.201
691.494  263.969  220.003  263.473
615.248  279.152  134.686  272.014
873.814  193.869  381.328  209.996
847.42  248.342  360.904  255.854
781.154  363.268  298.215  357.284
746.419  249.514  276.717  251.734
592.111  245.319  103.418  237.555
791.68  193.751  316.756  202.634
634.121  116.944  156.002  100.773
634.26  135.646  153.664  120.817
649.367  254.669  173.838  251.692
858.268  431.809  360.063  414.488
911.424  320.583  410.622  317.281
603.799  390.468  112.031  396.603
566.615  222.213  73.5845  204.287
691.764  242.046  220.905  241.238
791.87  237.798  317.347  243.328
803.66  183.296  325.924  194.092
637.523  260.264  166.669  256.517
788.303  191.218  313.389  199.948
801.286  351.929  320.335  348.844
590.071  278.742  99.3008  270.987
788.942  179.762  314.314  189.382
755.257  200.425  281.701  200.915
771.654  186.952  297.35  194.146
675.52  242.818  205.759  236.435
696.299  152.479  227.686  150.785
626.093  173.525  148.371  157.332
674.646  291.074  204.689  290.276
689.025  134.856  219.739  131.435
877.836  386.444  378.53  371.95
601.867  147.561  113.17  123.095
811.346  355.306  330.091  351.053
732.677  322.593  261.168  322.212
835.944  186.193  352.751  195.461
894.084  296.962  394.876  294.419
774.891  213.609  303.625  219.823
679.165  275.246  210.037  274.261
715.719  278.679  243.228  274.795
738.214  260.073  267.827  261.749
838.726  242.643  352.77  250.712
767.06  283.768  298.94  284.378
806.307  247.177  331.369  252.628
850.171  268.249  363.695  273.45
861.1  248.758  374.323  256.63
786.152  272.257  312.656  274.835
598.678  117.413  111.334  93.1039
822.51  198.717  336.306  205.173
678.968  218.287  207.713  211.323
719.223  310.961  249.311  310.842
903.345  470.355  391.511  444.092
584.078  110.753  97.0388  83.0962
821.923  222.836  340.858  231.935
647.643  165.553  174.039  151.964
740.585  302.305  270.16  302.472
665.419  299.527  189.826  294.951
811.389  186.427  332.342  197.977
612.114  398.108  121.444  404.238
690.61  380.005  211.226  383.432
759.004  264.659  287.007  267.151
666.053  305.514  199.616  304.366
843.8  215.931  359.191  227.314
630.365  161.338  153.269  144.417
794.571  255.412  320.158  254.869
666.25  161.982  192.454  150.672
580.136  202.443  89.6505  182.749
843.277  373.828  355.009  366.684
576.366  247.659  86.1682  239.197
721.747  232.596  254.345  234.082
705.055  226.608  233.376  226.958
712.615  141.921  244.202  137.856
576.274  291.42  88.0789  283.861
754.613  254.782  284.745  257.468
787.596  188.314  312.587  197.485
839.952  221.236  356.202  231.829
656.557  433.088  168.505  444.332
780.911  139.262  306.26  145.211
673.794  544.078  179.874  555.821
536.304  143.749  29.1917  105.149
740.427  222.393  270.646  225.667
699.539  305.824  231.133  305.62
891.208  335.661  391.963  326.678
844.167  240.965  358.628  249.602
771.645  357.65  289.953  351.879
799.501  264.684  323.592  263.459
640.909  312.982  164.271  308.429
662.589  253.368  191.435  251.359
738.177  353.287  263.317  352.973
813.624  238.465  335.075  245.674
802.825  359.56  322.738  355.673
718.301  150.947  251.161  153.275
656.192  198.143  185.794  187.758
615.386  162.153  134.523  147.829
926.472  167.12  417.451  192.229
827.508  360.735  343.065  355.867
620.861  177.038  141.248  165.28
552.192  223.282  49.4263  203.216
905.941  300.786  408.564  301.155
862.4  407.738  363.436  392.63
665.705  526.64  171.031  539.284
649.735  230.73  179.829  226.829
717.229  486.447  233.305  483.245
853.906  350.516  367.121  344.609
902.605  180.149  400.514  201.144
846.946  393.962  356.397  385.153
568.496  222.142  73.2829  203.744
597.276  123.776  111.509  100.996
656.393  368.985  171.84  375.483
869.222  233.751  373.343  239.587
887.881  236.975  394.225  248.419
663.978  369.852  184.388  374.572
700.884  261.33  231.934  261.78
780.843  217.284  305.973  224.325
839.706  212.078  356.116  224.059
849.761  206.371  364.515  219.792
579.972  362.288  85.4368  365.021
663.759  118.882  187.159  103.182
831.184  276.081  349.243  280.306
846.362  351.658  359.433  346.883
651.559  290.01  176.886  283.866
632.531  275.29  159.747  273.131
830.704  208.523  347.044  220.286
717.787  266.95  249.824  268.069
579.905  223.74  90.5779  206.656
889.21  178.544  387.51  198.493
876.311  388.25  374.586  374.375
804.534  360.326  325.417  356.217
801.105  190.643  320.127  201.258
822.384  221.09  340.999  231.071
649.915  132.39  172.495  121.431
804.412  259.144  327.789  264.366
622.122  290.018  143.573  282.965
858.268  431.809  360.063  414.488