1019
699.559  257.575  228.321  255.431
631.517  458.069  137.089  471.704
579.908  155.427  89.1476  130.815
659.748  177.184  187.749  168.695
845.81  192.096  360.7  204.417
648.236  106.304  170.99  91.1795
619.434  157.915  131.527  139.475
650.81  100.832  170.273  85.1397
776.399  229.084  301.608  232.352
761.265  180.124  288.021  184.448
719.098  162.416  250.161  162.268
664.609  136.296  187.995  125.653
781.602  296.502  306.687  296.521
730.712  178.215  259.301  178.896
607.097  359.151  117.509  363.549
675.549  460.476  188.127  467.243
723.236  220.146  251.944  219.436
551.545  294.998  48.209  290.165
571.522  348.036  74.3382  352.889
774.153  188.899  299.816  194.224
812.191  224.62  333.056  230.898
744.37  177.347  272.53  179.776
763.836  293.502  290.14  293.251
773.604  313.841  298.393  312.784
656.695  300.506  181.733  298.653
820.701  244.382  340.137  249.496
664.867  177.62  194.882  170.168
833.47  204.775  352.007  214.898
603.827  308.099  117.357  306.185
583.384  285.856  93.1157  280.629
886.583  270.501  388.388  274.877
725.013  215.52  253.814  215.014
762.372  277.61  288.232  277.773
646.394  264.471  172.231  259.974
802.231  268.436  324.358  270.633
776.745  274.997  301.876  275.943
783.698  243.806  309.08  246.866
552.304  284.067  49.2088  277.058
665.408  184.308  195.373  177.187
662.045  296.261  188.765  294.357
641.025  164.634  168.073  152.784
686.699  247.807  218.832  245.395
745.891  252.581  274.148  253.005
652.374  93.4982  175.45  78.574
588.764  240.425  101.168  229.114
795.804  262.804  320.198  265.487
721.416  260.385  252.523  259.88
729.668  230.124  260.094  230.283
628.704  280.787  149.684  276.677
720.946  177.39  252.86  177.567
677.681  261.332  206.555  258.393
666.395  179.817  196.313  172.586
832.477  300.068  348.931  300.26
628.312  279.112  149.165  274.824
543.056  367.571  29.3808  377.321
660.878  381.108  179.403  384.105
739.918  197.689  268.775  199.053
752.382  179.36  280.369  182.861
811.288  179.19  329.981  188.891
681.505  366.526  203.734  367.606
662.907  271.262  191.661  268.152
730.909  214.861  259.851  214.917
809.526  183.062  328.413  192.054
710.299  285.379  242.011  284.518
681.994  244.306  213  241.164
736.5  326.998  267.403  326.335
763.024  224.048  288.469  226.254
689.175  390.698  209.267  392.192
684.917  276.702  214.229  274.537
813.64  298.729  332.265  298.788
745.504  173.187  273.54  175.799
829.255  299.776  345.734  299.826
823.177  286.075  341.463  287.354
607.603  152.972  128.746  134.491
605.151  357.489  115.509  361.724
758.088  271.484  283.254  271.458
743.452  203.178  272.356  204.767
673.85  441.75  189.344  447.525
772.385  329.076  296.648  327.45
644.772  193.355  172.353  184.16
656.845  175.853  182.546  166.332
850.083  199.458  363.141  210.991
673.134  210.993  202.708  205.886
757.8  290.809  283.062  290.421
630.04  280.719  151.842  276.552
805.647  335.188  328.974  332.967
726.888  162.058  257.775  163.153
673.567  219.785  202.752  214.726
618.46  350.94  132.173  353.932
766.826  271.879  293.061  272.455
662.878  131.281  191.665  121.513
685.578  352.278  209.691  352.718
733.957  239.993  264.674  240.198
845.889  207.801  360.604  218.462
777.542  277.464  301.166  277.87
792.077  321.227  314.06  319.508
746.072  189.545  274.831  191.794
743.365  173.649  271.459  176.212
730.63  155.71  259.921  156.861
647.66  445.685  158.638  455.706
733.807  238.33  264.12  238.769
770.73  263.992  295.765  264.899
592.9  294.167  102.718  289.904
797.565  180.169  314.255  187.503
648.534  444.684  159.994  454.197
737.282  200.819  265.893  201.995
711.462  235.384  242.916  234.049
729.826  251.13  260.323  250.838
757.581  162.489  284.392  166.942
777.495  279.929  301.973  280.342
726.818  156.113  257.245  156.902
585.193  259.049  94.1534  249.494
630.627  117.867  152.276  99.7785
740.569  321.037  269.034  319.949
715.133  212.395  244.342  211.239
831.345  307.857  347.475  307.133
543.576  142.762  38.9449  108.346
782.844  257.11  306.272  259.195
852.789  315.238  366.356  314.12
833.022  189.298  354.177  201.318
808.262  167.584  330.392  178.335
712.892  240.649  244.09  239.735
822.508  309.952  340.44  309.032
736.059  180.179  265.211  181.842
851.385  202.93  365.693  214.806
658.625  132.844  181.843  121.216
743.479  209.039  272.454  210.4
613.066  257.453  129.071  249.485
662.613  377.232  181.453  380.089
551.864  295.861  49.1967  291.502
726.517  222.532  254.944  222.256
600.038  233.617  113.273  221.78
726.601  164.086  257.615  165.198
741.801  199.382  270.865  200.826
793.705  320.848  314.784  319.386
737.746  202.207  266.471  203.477
584.903  284.777  97.3618  279.631
825.053  183.928  345.086  195.123
579.252  296.599  88.6405  292.924
848.626  204.247  362.108  215.039
773.519  179.675  298.947  185.192
682.489  245.955  213.393  242.749
850.16  205.972  361.805  216.379
789.209  176.391  313.868  184.583
737.136  216.465  266.495  217.486
774.963  295.862  304.099  296.601
751.852  175.463  280.319  178.841
659.559  180.669  189.18  172.893
776.118  270.565  300.831  271.801
578.99  238.662  88.5611  225.924
648.652  201.398  178.328  193.183
648.536  133.084  170.934  119.183
740.098  218.582  269.59  219.42
791.958  352.567  316.508  349.424
683.189  280.963  213.833  278.991
731.417  156.731  261.447  158.049
794.486  223.878  318.67  229.275
793.972  258.138  318.037  260.641
608.664  359.514  119.534  363.653
719.259  167.668  250.334  167.736
818.565  291.012  336.411  291.421
720.208  263.966  251.619  263.643
683.883  246.853  214.973  243.752
621.581  273.06  141.046  268.029
749.304  183.81  276.814  186.813
679.101  262.493  208.426  259.416
740.38  231.641  270.43  232.279
913.411  164.996  407.598  187.103
813.176  284.169  331.158  285.39
737.85  186.926  266.859  188.163
662.001  294.446  188.884  292.763
586.278  292.205  95.7213  288.15
624.445  453.738  130.606  467.93
560.702  354.05  59.6263  360.305
728.522  162.634  259.479  163.567
853.423  313.65  363.496  312.582
878.916  212.639  383.659  224.872
662.388  246.91  191.607  242.282
647.086  265.776  175.237  262.117
652.578  120.838  176.275  107.774
615.044  452.647  117.988  468.687
602.184  457.698  101.449  476.184
689.306  162.834  221.708  158.428
790.568  225.385  315.651  229.944
699.491  266.467  230.861  264.69
716.098  218.474  245.184  217.481
688.188  291.444  217.693  290.277
658.755  130.923  181.938  118.744
797.494  278.265  317.929  279.528
657.63  446.793  169.847  454.995
659.837  130.601  183.501  119.264
736.357  183.252  265.182  184.332
822.93  306.72  340.664  305.957
662.108  180.74  191.917  172.796
666.041  291.124  193.688  288.835
719.085  252.53  249.325  251.973
566.689  296.071  69.6402  292.188
824.022  176.394  342.065  188.27
789.843  223.809  315.247  228.445
651.827  192.562  181.719  184.102
730.075  293.597  262.231  293.114
766.21  327.414  290.829  325.474
661.153  376.149  181.929  378.807
771.767  176.176  297.243  182.177
662.157  268.773  188.175  264.801
705.311  281.665  235.947  280.817
633.991  316.818  153.444  316.202
711.994  239.243  243.211  238.386
875.012  216.007  382.34  227.868
636.296  133.63  153.565  116.518
630.515  260.934  153.495  254.922
773.815  266.737  298.455  267.476
703.724  267.4  235.47  265.845
669.326  268.411  198.865  265.235
762.437  242.784  289.986  244.964
774.206  211.388  299.722  215.775
729.745  156.038  261.447  158.049
719.714  209.361  251.08  208.604
679.421  373.624  201.073  374.77
723.312  128.602  254.24  129.303
836.839  203.247  353.975  213.959
632.279  133.689  151.41  116.988
801.385  267.614  322.892  270.078
659.419  293.314  187.195  291.77
562.065  171.455  67.9626  146.057
815.456  284.335  332.992  284.987
658.459  187.806  187.556  179.587
791.216  350.946  315.024  347.679
547.504  171.822  40.8251  142.282
649.829  125.998  172.918  112.662
806.924  221.837  325.064  227.588
774.9  304.44  296.447  302.943
731.457  176.359  260.45  176.915
591.414  290.897  102.16  286.847
616.58  175.647  137.834  160.136
713.627  245.249  243.931  244.414
586.659  285.172  97.3618  279.631
729.082  203.34  257.853  203.792
745.853  245.498  274.209  245.809
828.338  216.715  347.056  224.661
660.671  124.739  185.124  112.819
656.999  194.291  186.049  186.229
704.87  149.588  237.268  147.294
669.557  307.841  195.753  306.208
739.505  257.41  267.941  257.045
736.564  229.356  265.86  229.464
678.958  211.817  209.174  206.898
737.891  185.445  266.851  186.607
742.593  208.855  270.675  210.512
712.182  219.131  240.664  217.756
564.869  272.535  69.5288  264.875
724.142  288.353  256.562  288.452
603.952  158.866  122.805  140.29
717.751  297.329  251.374  297.514
768.762  284.357  293.539  284.775
618.127  165.458  138.088  148.866
723.314  284.219  254.37  284.077
735.532  206.881  264.512  207.26
673.158  217.993  202.621  213.408
676.936  262.598  208.236  259.658
752.985  287.663  285.68  288.735
762.372  277.61  289.76  278.475
807.714  269.771  328.277  272.372
598.855  165.415  118.789  147.173
658.688  446.274  171.824  454.239
715.336  221.154  243.699  219.274
772.53  275.131  296.113  275.931
625.585  439.428  133.659  451.573
777.283  313.461  303.346  312.313
799.88  163.649  322.016  174.032
559.63  259.264  63.4433  248.322
660.149  182.334  189.443  174.01
846.981  191.306  358.546  202.77
852.743  189.011  365.946  201.885
806.359  306.178  326.665  305.211
550.921  298.164  47.7488  294.434
914.473  317.045  407.614  314.566
598.124  159.485  118.193  140.517
813.755  282.736  332.237  283.513
612.796  166.57  132.232  149.265
742.276  320.475  276.753  320.108
651.034  269.669  174.273  265.692
761.65  310.818  286.146  310.07
710.129  200.878  238.961  199.371
756.189  181.143  283.558  185.292
755.233  319.253  281.786  318.532
782.946  286.659  303.346  286.858
673.513  364.361  194.541  366.013
841.457  270.559  355.426  274.186
628.79  326.482  147.442  326.208
696.17  157.353  226.317  153.222
564.902  338.876  62.1947  342.269
899.418  292.143  397.787  294.209
709.273  236.766  241.096  235.077
729.1  211.017  258.004  211.461
723.686  300.402  253.855  299.306
731.704  227.149  261.048  226.814
675.087  347.356  198.709  347.394
685.806  157.524  214.185  151.478
757.938  322.966  284.734  322.219
745.201  184.97  273.979  186.967
617.888  355.93  131.535  358.997
579.776  236.122  90.1036  223.84
736.282  211.843  265.684  212.217
832.842  196.945  350.399  207.114
664.952  292.315  192.115  289.848
748.87  192.76  276.974  195.713
776.311  238.42  301.825  240.782
721.756  241.899  251.93  240.783
824.384  181.891  344.459  193.872
659.749  187.6  189.333  180.415
796.863  277.228  318.841  278.064
709.596  282.506  241.159  282.108
650.031  447.979  160.689  457.21
872.584  200.455  382.106  214.689
742.043  204.179  271.168  205.279
809.452  166.982  331.833  177.735
650.944  449.135  160.891  459.175
919.499  209.203  412.627  224.026
707.294  240.654  238.614  238.725
680.418  442.862  195.94  447.408
752.652  240.416  280.94  242.205
630.432  332.094  147.743  333.033
772.617  292.54  297.818  292.929
581.214  251.988  94.2037  241.701
624.005  271.779  145.406  266.247
692.28  141.575  223.09  137.728
828.925  214.976  347.137  222.943
759.78  317.447  286.631  315.963
755.934  271.582  283.254  271.458
696.817  270.391  227.896  268.337
795.319  276.715  316.662  278.324
776.659  210.969  302.134  215.806
769.041  298.417  294.54  297.538
646.84  266.945  171.63  262.996
850.336  222.219  365.514  232.201
565.119  187.025  71.1508  164.336
758.904  336.452  283.489  334.075
761.279  334.676  286.284  332.392
733.171  222.435  263.382  223.408
829.133  182.293  346.39  194.349
655.675  141.314  179.002  128.949
678.121  159.314  209.113  152.71
790.15  198.763  315.007  204.824
751.296  178.158  278.889  181.898
722.324  199.056  251.275  198.999
788.566  234.876  312.92  239.261
825.264  277.775  342.737  279.357
572.75  379.097  71.6902  389.5
644.67  443.842  157.289  453.677
789.181  175.285  313.809  182.813
781.781  266.422  306.009  268.402
763.359  291.229  292.707  292.092
692.257  266.73  221.95  265.154
663.121  372.779  182.638  375.655
895.367  276.459  394.99  279.743
739.198  230.257  268.592  230.444
727.611  287.546  258.544  286.602
705.962  186.695  239.681  184.734
586.603  250.071  97.3969  240.239
775.973  276.728  301.379  278.074
677.358  214.723  206.974  209.488
719.349  230.729  249.634  229.419
654.556  125.335  177.034  112.828
766.438  260.688  291.497  262.168
615.068  158.646  134.512  140.735
653.451  518.095  159.337  533.709
910.138  269.444  405.512  274.122
732.714  250.925  263.038  251.492
729.677  222.879  259.418  222.402
680.57  441.084  194.812  445.278
800.125  296.533  319.949  296.868
578.313  252.336  92.6995  242.216
912.308  319.6  407.601  316.87
682.575  261.195  212.373  258.008
910.36  240.101  406.272  249.39
723.801  210.076  252.949  210.156
681.043  162.708  213.088  157.888
705.485  285.358  238.26  284.091
572.238  296.073  84.2799  293.705
770.521  171.563  297.417  177.091
721.668  166.345  252.64  167.056
788.671  201.795  314.028  208.632
852.772  227.856  368.026  237.537
796.18  167.146  320.352  177.293
766.607  261.71  293.254  262.346
572.634  205.409  80.7719  186.595
636.677  280.115  160.521  276.992
837.569  191.337  354.813  202.539
772.278  285.604  296.45  286.209
737.487  193.683  266.108  194.311
744.322  234.144  273.847  234.629
659.435  190.68  189.272  182.631
679.076  164.429  211.68  159.539
673.517  371.173  195.628  372.4
780.889  257.683  306.272  259.195
766.739  284.603  292.052  285.23
758.088  271.484  285.372  271.357
685.89  290.058  214.078  287.712
767.975  327.329  293.477  325.235
649.795  276.174  175.305  272.023
748.456  271.888  277.15  271.508
630.656  316.372  149.981  314.899
667.483  244.024  199.928  239.782
720.457  231.017  251.517  229.868
557.168  129.754  58.2037  95.5682
705.814  280.306  236.077  278.484
800.316  223.839  320.835  229.476
731.88  251.211  261.527  250.449
661.763  458.998  174.255  467.356
737.196  199.101  265.818  200.763
842.98  273.918  357.269  276.325
688.71  264.697  220.378  263.377
772.45  293.056  299.119  293.813
648.715  101.158  171.017  86.3754
677.87  219.333  207.938  214.294
719.477  149.822  251.455  149.46
676.521  296.021  204.234  293.73
722.936  289.872  254.996  290.137
606.282  160.153  125.674  141.124
864.831  230.159  376.474  240.23
675.591  366.918  197.953  367.716
754.326  280.07  280.749  280.577
814.239  181.049  333.494  190.395
741.648  299.118  265.527  298.388
811.208  185.714  331.083  195.65
815.296  306.382  334.085  305.196
678.589  368.187  199.779  369.977
754.513  239.42  282.613  240.231
550.921  298.164  46.1535  293.127
772.986  229.691  298.487  232.008
913.716  161.803  407.858  183.551
691.387  289.486  221.294  287.432
647.262  277.916  173.615  273.938
684.106  480.619  196.934  486.742
746.664  221.668  272.437  221.886
643.914  261.757  169.032  257.559
631.114  122.269  147.3  104.179
730.949  221.621  259.879  222.327
603.734  163.317  123.625  144.374
619.288  168  138.784  151.404
848.988  220.945  363.364  230.941
648.715  101.158  170.348  84.9098
601.391  239.994  115.527  230.06
680.373  295.024  208.858  292.797
830.379  183.04  348.445  194.194
545.785  172.475  43.8784  144.895
727.472  199.112  257.104  199.943
849.464  190.614  362.951  202.631
629.758  461.383  133.181  476.248
664.858  169.536  193.937  162.256
579.701  163.704  88.6604  139.472
580.023  245.48  90.5235  233.517
705.711  166.054  240.732  165.522
696.801  269.019  228.158  266.767
629.437  261.489  149.744  256.035
759.903  293.563  286.754  293.997
728.526  227.822  257.883  226.941
652.103  122.838  177.37  110.588
741.246  201.729  270.128  202.511
583.088  275.044  93.6492  267.62
663.873  181.922  193.512  173.779
691.109  262.719  222.509  260.059
580.435  267.817  86.6017  259.959
861.164  192.349  371.557  205.076
686.949  243.602  219.362  241.806
806.012  173.008  328.469  183.934
688.166  259.439  216.761  256.042
825.011  195.344  343.912  204.646
719.687  140.303  250.422  141.202
761.251  266.122  288.719  266.245
626.846  183.507  153.727  172.13
675.222  257.354  203.843  253.293
738.289  207.921  267.581  209.756
721.634  239.839  252.275  238.527
719.662  215.839  251.033  214.619
658.618  310.285  184.736  308.554
544.48  143.177  37.5323  107.53
818.394  289.276  335.907  290.756
764.714  299.881  290.775  298.661
774.58  193.201  300.172  199.088
645.635  101.039  165.997  85.3079
689.926  393.728  211.185  394.625
754.517  287.011  282.087  286.131
839.475  314.75  352.781  314.12
769.973  277.456  293.763  278.422
783.87  301.895  308.236  300.832
752.695  282.015  279.337  281.039
754.104  179.79  280.66  183.886
670.809  268.009  200.582  264.455
642.996  265.142  167.651  259.674
739.414  263.064  268.161  263.781
890.894  316.364  391.932  313.899
593.085  162.256  111.569  142.987
734.319  236.724  264.249  236.233
653.485  347.593  175.41  348.201
666.327  278.407  195.099  275.103
834.981  194.193  350.504  205.734
651.762  251.665  177.792  245.746
727.865  205.851  258.034  206.833
646.286  165.668  173.494  153.884
679.616  351.466  203.201  351.17
591.414  290.897  100.58  287.014
913.11  166.852  407.397  189.154
787.849  181.169  312.718  189.444
744.007  244.669  271.902  245.92
719.578  219.342  251.075  218.071
661.852  244.669  193.717  239.856
686.329  237.241  217.451  233.461
729.664  205.941  258.69  206.903
606.349  308.683  119.425  305.939
854.496  316.18  366.356  314.12
840.866  312.854  354.322  312.514
829.829  263.727  349.88  267.087
610.419  262.675  127.107  256.365
675.436  129.939  201.186  122.234
607.966  396.546  112.741  404.662
651.145  441.841  164.704  450.222
644.66  116.315  165.634  99.8566
788.885  253.407  313.295  255.344
619.684  449.301  121.109  464.363
696.7  153.944  228.911  149.925
744.938  186.988  273.738  188.521
726.786  221.695  255.712  220.531
720.86  163.226  250.892  163.923
642.945  166.795  172.19  155.032
757.814  214.983  285.996  218.499
569.118  170.116  75.1743  146.489
643.898  196.036  174.018  188.153
722.622  138.517  251.167  139.536
673.574  366.817  195.869  367.543
842.393  236.109  358.21  242.507
625.964  123.151  150.555  104.652
798.346  174.983  321.44  184.877
682.806  278.969  213.349  276.3
635.231  176.077  158.112  162.648
764.685  290.929  291.1  290
579.279  191.273  89.4114  171.009
674.503  351.052  197.635  350.864
890.638  299.607  390.271  300.75
709.374  264.358  240.223  262.31
647.793  111.443  169.927  95.5041
642.581  551.768  143.894  573.735
666.521  451.053  179.281  459.394
630.564  165  152.909  149.985
792.217  237.538  317.878  242.688
669.485  290.7  197.493  287.9
591.647  276.64  98.2016  270.338
673.784  362.103  196.385  362.528
756.471  309.409  283.29  307.708
734.308  243.465  264.801  244.624
704.129  168.69  239.05  168.112
660.087  277.235  188.643  275.356
757.714  194.853  285.196  199.113
650.87  446.396  163.121  455.06
632.534  318.846  153.128  317.463
600.351  248.393  114.004  237.83
737.541  319.009  266.2  317.238
687.587  171.29  219.597  166.077
726.063  182.068  256.771  181.614
789.231  173.941  313.894  181.175
700.695  273.981  231.966  271.744
654.545  139.982  178.498  127.088
729.434  226.462  258.938  225.491
722.628  285.748  254.13  284.363
653.329  446.526  167.659  454.989
700.495  216.297  235.971  213.919
824.886  289.083  341.766  290.974
549.232  263.048  48.7439  253.372
694.352  154.06  225.473  149.328
698.264  275.58  229.207  273.213
771.647  164.404  297.797  169.953
722.005  262.567  254.04  263.136
832.132  222.387  349.33  231.199
745.787  289.909  286.053  290.643
821.366  313.628  339.251  313.494
766.088  210.7  291.403  214.828
655.142  300.187  181.741  297.651
686.495  255.301  216.829  251.777
701.759  263.126  232.421  260.578
750.896  200.672  279.23  204.144
852.259  213.905  371.99  224.541
742.633  286.931  273.84  286.06
748.147  304.67  275.011  302.862
738.8  178.617  267.944  179.514
671.196  457.804  184.407  464.173
737.777  238.764  266.591  240.041
663.518  188.183  193.251  182
755.658  185.997  282.646  190.352
675.711  412.812  194.633  415.792
738.454  182.072  267.615  182.82
578.606  338.61  85.6937  342.76
820.424  217.294  339.397  223.723
684.323  227.321  216.826  225.143
673.53  221.161  202.71  217.281
773.248  310.98  298.767  309.192
674.842  349.106  198.958  348.781
857.119  214.051  370.965  224.031
745.578  243.683  274.349  243.465
624.744  165.767  141.668  148.778
660.743  386.903  179.258  391.444
913.485  168.19  408.038  190.614
674.978  372.102  197.143  372.877
821.771  308.664  338.519  308.819
742.319  318.948  270.657  319.046
647.168  266.053  173.439  262.828
577.601  259.237  84.5835  250.437
675.66  122.142  205.964  113.475
749.836  242.662  279.808  242.989
617.362  347.979  132.047  349.67
782.979  160.809  308.065  167.995
849.519  291.818  362.527  294.159
605.556  357.324  116.848  360.711
914.825  308.674  409.899  307.182
770.153  212.026  295.286  216.58
722.141  251.412  252.841  249.798
616.58  175.647  136.204  159.109
718.443  298.377  247.686  296.437
815.757  182.012  335.734  193.334
676.757  368.467  199.126  368.876
547.699  188.164  43.3543  163.554
854.582  249.642  367.554  254.926
613.073  450.315  113.983  466.962
782.684  162.533  308.023  169.582
608.741  241.344  124.036  232.489
660.743  386.903  180.194  389.519
702.502  261.619  233.21  258.979
668.067  386.031  188.309  387.995
655.365  182.706  185.096  175.417
664.437  166.043  192.602  156.598
612.289  351.558  127.903  354.162
642.212  240.997  166.422  233.206
648.024  184.421  177.583  176.36
612.422  231.262  127.885  221.478
646.544  92.0412  168.696  74.581
717.908  249.034  248.299  247.061
648.064  277.181  174.729  272.79
826.643  279.004  345.198  280.17
645.615  104.846  166.209  87.5212
659.075  457.48  169.128  467.597
650.062  441.383  163.017  449.539
663.372  304.713  186.325  303.882
852.789  315.238  364.656  312.91
674.151  216.327  203.349  212.426
673.393  127.295  204.748  118.515
661.369  187.006  189.917  178.188
774.568  213.498  299.54  218.495
565.794  221.071  71.0212  203.236
739.915  207.233  268.808  209.559
667.936  169.234  195.748  160.264
645.012  263.266  170.545  259.744
642.249  257.856  166.746  253.638
652.593  133.545  175.897  121.909
741.472  197.288  271.142  197.958
597.207  147.722  113.019  124.799
730.24  216.447  259.066  217.602
649.716  283.253  177.307  281.7
590.854  238.543  103.236  228.116
661.359  300.361  188.559  297.727
746.739  306.967  273.112  304.851
822.642  311.518  340.421  311.765
652.355  124.623  177.37  110.588
784.148  337.983  309.386  337.136
664.218  371.35  184.037  374.71
699.18  255.793  229.184  252.666
839.448  242.343  356.261  247.672
596.361  155.094  112.916  133.044
659.556  307.778  182.202  307.209
678.564  475.277  191.639  481.534
762.583  303.432  289.094  301.683
563.286  117.758  66.8979  85.0545
568.313  188.796  75.5176  166.222
632.992  286.111  158.215  281.993
693.756  258.994  225.368  255.924
728.04  209.158  257.139  210.318
774.247  294.435  299.04  295.448
699.314  266.354  229.81  263.49
723.664  256.531  254.735  257.297
652.341  300.034  180.046  297.423
688.908  139.676  220.597  136.191
729.671  325.219  258.111  323.103
776.598  191.873  302.097  198.539
677.277  443.643  192.898  447.979
719.712  142.374  250.006  141.18
651.287  124.915  175.088  110.352
673.288  468.648  186.968  475.337
788.512  228.16  314.085  231.476
666.176  309.618  192.984  307.362
698.451  265.174  228.03  262.052
838.585  204.126  355.655  215.869
630.077  276.98  152.665  271.474
680.147  362.41  202.364  364.508
849.261  303.068  364.975  302.39
867.713  310.996  374.928  308.78
672.839  369.576  195.109  370.103
637.094  284.905  161.846  280.536
678.205  445.349  193.75  452.113
807.208  249.126  331.141  252.25
708.331  239.946  241.734  237.675
612.612  451.461  113.294  468.556
587.967  375.929  88.7544  384.883
721.228  248.995  252.136  247.136
664.915  313.222  191.156  311.076
669.429  468.651  184.224  476.082
851.238  226.425  366.352  236.798
815.376  302.636  334.223  301.124
710.791  231.003  242.765  231.144
612.255  258.392  126.945  251.761
703.905  390.752  224.391  392.248
605.844  274.57  125.149  268.005
788.174  183.221  313.394  191.983
643.757  258.404  169.385  254.653
736.286  233.323  265.67  232.422
812.006  186.546  333.247  194.854
845.03  188.979  360.625  200.394
658.596  306.82  185.072  304.347
738.565  192.926  267.951  193.114
811.437  246.3  335.584  249.989
762.906  305.252  289.329  303.291
767.432  303.831  293.811  302.009
702.182  273.839  233.881  273.964
668.164  271.629  199.104  267.819
833.295  230.929  350.662  239.421
700.479  261.654  230.8  258.586
649.434  194.071  179.127  184.374
675.31  364.552  198.129  364.593
577.289  125.782  84.5228  94.8858
566.48  204.579  72.7972  186.74
579.401  208.389  89.6883  190.16
796.93  303.369  326.196  302.861
730.626  302.925  262.068  301.224
661.494  194.26  190.164  185.597
652.342  254.053  177.382  247.562
744.715  176.199  273.465  177.481
606.13  349.583  118.101  351.603
862.915  252.367  374.484  260.242
551.782  292.598  47.2466  288.489
806.141  186.924  328.667  197.373
751.229  275.125  281.398  274.259
756.316  308.079  282.506  305.79
614.404  342.658  127.11  346.017
638.28  286.795  162.804  282.417
630.381  340.155  148.399  340.189
615.835  352.364  130.971  354.392
598.615  394.896  103.487  403.414
807.706  187.494  328.051  197.669
648.534  444.684  161.222  453.084
541.772  132.992  35.7151  94.5911
831.525  224.861  349.161  233.921
697.762  268.848  229.631  265.992
705.513  162.929  238.488  159.793
573.11  273.577  79.82  267.446
718.017  133.324  250.256  132.197
849.229  202.428  362.108  215.039
624.87  324.735  143.527  326.293
638.869  115.433  159.54  97.1458
722.909  221.845  251.056  219.543
680.269  354.283  204.133  353.469
686.343  221.422  217.542  219.462
748.782  262.613  290.337  263.955
835.934  283.371  351.64  286.719
742.113  235.49  271.476  234.838
654.654  448.006  168.84  455.83
624.074  120.679  145.795  103.332
755.714  343.915  283.549  340.908
654.66  90.5205  177.962  77.5391
561.032  124.641  63.0235  89.5674
782.976  289.46  315.833  292.746
723.76  303.223  257.436  301.642
675.883  273.609  204.457  269.523
743.249  178.31  270.408  181.881
663.127  190.394  191.183  181.427
772.628  226.287  298.177  230.937
718.144  255.733  249.917  256.635
674.047  299.273  202.357  296.341
617.943  167.488  140.219  150.398
658.554  113.107  181.845  98.8488
623.135  141.809  145.646  126.288
632.806  428.839  142.3  440.55
579.065  294.171  86.9278  288.545
653.294  509.872  160.425  523.706
603.787  160.595  122.805  140.29
790.997  174.195  315.406  180.973
646.458  193.96  175.989  183.697
626.911  323.237  143.773  324.389
651.502  118.474  176.119  106.603
652.402  120.602  177.367  109.084
735.086  305.615  264.808  303.471
764.214  303.428  290.477  301.292
687.751  376.062  208.915  375.432
850.049  223.598  365.423  234.516
622.21  327.839  142.736  327.149
776.326  234.244  301.749  238.846
678.692  416.475  197.271  418.717
617.701  176.862  137.834  160.136
768.3  322.202  295.255  322.697
724.22  266.747  256.253  268.052
682.058  354.137  206.08  353.117
610.635  252.06  125.257  244.935
835.462  192.089  353.184  202.002
662.18  460.91  174.985  468.427
743.356  326.048  271.749  326.648
673.536  468.471  188.921  474.883
606.282  160.153  124.144  139.808
735.185  236.362  265.469  235.168
815.723  314.086  336.419  311.665
680.257  350.382  204.358  349.225
892.216  317.22  391.966  313.621
614.807  155.009  135.233  139.11
762.676  160.465  290.258  164.472
657.364  188.87  185.815  179.142
816.792  308.677  334.827  306.23
543.664  364.228  29.6398  374.825
787.329  233.489  312.92  239.261
680.008  356.467  203.64  355.535
629.351  257.679  153.798  253.569
773.871  228.792  299.141  230.166
740.697  193.409  270.68  193.599
687.414  257.832  217.681  253.691
910.844  176.913  407.207  198.586
721.974  147.402  250.559  145.642
719.541  249.989  249.837  247.477
730.052  229.787  259.957  228.113
577.63  163.076  87.0801  137.578
916.803  310.225  411.459  307.858
651.753  374.39  171.671  376.181
676.438  442.444  193.364  446.455
802.183  178.177  324.987  185.73
708.978  285.829  240.896  283.339
659.196  243.842  189.231  241.019
856.767  313.895  366.797  310.927
920.359  214.497  413.757  227.354
774.884  195.837  300.382  202.583
770.726  297.083  300.275  295.75
807.481  166.741  329.897  175.942
642.181  266.485  162.947  262.934
743.625  260.235  272.261  258.714
666.106  291.402  195.704  287.999
884.038  190.475  387.335  207.65
688.004  245.487  219.077  241.08
675.872  366.147  199.094  365.888
766.051  229.477  291.474  230.047
663.034  379.275  183.485  380.525
673.938  444.874  189.411  449.229
637.809  118.242  158.75  99.6767
654.999  518.593  162.005  532.737
569.381  128.407  76.5304  96.1319
742.414  206.244  270.07  205.7
656.89  521.057  165.098  535.094
673.269  378.853  198.231  379.759
793.422  228.281  312.479  230.203
731.837  307.004  258.95  304.124
730.442  224.815  258.879  222.844
688.849  261.765  218.661  257.596
687.63  246.942  217.511  242.272
631.91  260.158  156.474  256.535
621.01  185.596  140.193  169.604
686.956  259.194  220.002  255.401
618.479  451.617  123.668  464.96
664.009  482.355  176.276  491.183
678.516  274.034  206.365  269.526
655.727  204.499  185.144  195.407
576.886  169.021  86.5109  144.122
656.394  243.845  185.841  240.953
745.756  284.801  274.706  282.731
748.158  280.002  279.252  278.503
651.715  103.264  175.47  86.9421
752.324  254.793  280.064  257.468
725.642  258.875  257.402  260.596
648.605  108.178  170.99  91.1795
910.666  187.691  405.225  207.483
628.684  252.629  153.123  248.297
724.233  255.192  256.145  252.985
816.846  301.497  334.987  299.325
641.925  444.6  154.911  453.564
746.822  225.757  274.963  225.018
652.255  238.835  182.127  235.553
776.379  160.599  303.915  166.335
648.526  124.138  171.692  112.157
676.216  278.812  204.975  274.51
679.342  532.779  188.682  542.366
592.096  227.354  102.729  211.965
649.051  110.715  170.503  93.6034
578.15  291.248  87.3068  284.857
711.738  250.21  242.21  246.884
809.621  290.256  330.41  293.135
816.632  305.514  334.71  302.893
660.16  249.781  190.221  247.725
901.59  310.898  398.15  307.572
650.713  130.272  173.635  119.083
654.765  87.9302  180.863  76.2094
570.083  283.737  73.783  279.575
775.197  251.901  300.866  251.804
745.027  204.69  276.849  204.941
773.088  253.521  298.248  257.431
657.318  247.118  187.095  244.798
834.632  190.7  352.31  200.043
753.781  345.25  287.105  346.724
666.56  374.739  189.153  375.198
840.486  205.001  353.44  217.017
656.697  551.265  161.081  568.021
591.228  373.007  91.394  381.978
773.847  258.986  301.137  258.639
682.421  141.049  205.207  131.045
715.391  297.501  245.271  294.388
752.338  261.405  281.663  259.969
825.095  276.474  343.034  276.483
723.486  220.742  253.473  218.039
779.082  160.096  305.49  165.762
806.104  295.318  323.472  297.287
119.443  213.84  312.155  317.849
758.496  263.779  288.007  262.645
662.436  481.875  175.733  490.646
821.546  251.923  341.98  254.287
747.061  282.797  276.822  280.576
662.423  482.04  177.852  491.009
739.403  309.952  265.061  306.395
711.453  208.791  241.102  209.506
678.332  255.004  207.941  249.577
545.075  284.965  39.3819  280.287
675.79  419.894  197.41  422.308
765.216  212.379  290.308  217.703
635.452  163.387  155.872  146.97
550.188  154.167  52.8251  121.71
720.23  261.965  253.818  264.147
817.62  296.075  335.992  294.008
749.105  264.995  277.506  263.007
905.983  191.18  402.197  210.514
839.457  191.634  359.697  201.883
724.42  213.986  254.674  211.381
852.233  294.511  362.415  292.808
883.447  308.207  387.611  305.376
592.424  119.682  251.597  129.345
646.507  388.679  160.57  395.665
593.812  373.183  94.0614  382.113
694.659  154.406  227.206  148.509
570.84  171.25  78.405  145.007
632.103  257.937  156.568  254.733
739.655  216.615  268.435  215.05
854.463  430.088  359.245  413.856
650.518  239.008  179.057  235.906
661.61  115.286  185.021  100.727
647.92  113.037  169.927  95.5041
856.676  212.321  373.732  221.562
631.975  249.816  156.115  245.892
569.72  155.112  76.4899  126.028
646.514  106.276  166.209  87.5212
648.914  388.849  167.735  391.248
900.056  174.922  396.828  196.198
807.71  333.296  330.047  328.621
674.255  368.17  199.351  367.573
642.767  252.741  167.123  249.595
773.262  174.82  299.265  178.273
621.696  252.793  145.312  248.768
782.684  162.533  308.065  167.995
668.522  526.456  176.17  537.341
782.42  245.859  306.189  251.098
920.71  223.478  415.126  239.535
908.477  178.664  404.186  200.55
702.99  254.787  235.462  250.764
688.997  266.649  220.479  267.439
751.172  266.217  280.853  264.213
655.958  520.243  162.654  533.411
727.935  219.374  257.035  216.47
562.174  283.769  62.6484  279.813
804.898  333.805  341.7  331.224
725.679  309.357  266.665  307.767
620.662  282.357  137.584  274.871
898.644  176.247  395.696  197.387
661.506  205.712  190.338  196.19
665.233  367.746  187.957  367.209
636.673  276.814  160.543  275.665
803.203  335.476  324.977  330.286
816.046  245.542  334.252  252.742
628.108  193.289  148.492  177.95
648.464  107.815  170.388  89.7226
625.386  255.62  151.412  252.659
653.193  396.024  173.783  398.515
667.247  276.323  196.951  270.964
587.658  152.432  99.364  126.036
562.984  119.816  69.5819  83.9118
768.67  314.929  296.432  317.193
683.344  230.598  215.47  230.354
680.639  275.902  208.326  276.36
672.82  562.087  177.827  574.813
741.494  234.307  271.727  232.264
738.088  195.035  267.392  199.472
787.126  158.381  313.359  164.592
642.494  350.438  163.873  349.602
658.21  237.477  189.422  235.787
590.201  370.638  90.2697  380.157
680.526  534.099  188.682  542.366
757.931  254.129  287.313  252.465
713.859  148.631  247.626  151.56
595.641  171.279  110.454  148.732
619.714  372.768  132.45  374.977
686.343  221.422  216.557  220.972
621.839  280.543  142.139  273.023
848.483  258.123  362.52  266.389
758.439  338.938  285.169  334.103
855.537  257.699  365.448  265.888
680.84  359.871  205.3  357.579
654.653  321.628  181.181  318.287
615.84  162.948  136.029  142.881
651.643  151.303  178.164  143.44
720.152  246.479  250.132  242.278
726.467  228.446  254.518  224.414
697.995  230.079  226.102  230.619
589.665  371.326  88.6169  381.242
614.027  341.478  132.839  340.748
634.585  157.656  158.847  140.408
628.38  380.453  146.6  383.07
897.048  175.43  391.872  196.68
836.565  229.628  357.41  234.408
837.976  310.184  349.319  305.312
661.484  484.338  175.731  492.361
660.447  453.814  168.02  458.476
572.703  358.749  77.415  362.099
578.15  291.248  87.3068  284.857