1422
660.259  521.173  167.151  533.754
790.173  287.133  315.467  287.812
781.852  303.86  305.287  302.745
725.669  143.579  257.331  145.331
797.163  248.292  323.754  253.78
629.773  293.848  153.119  289.986
859.389  320.415  369.07  317.399
673.989  167.997  201.494  160.28
704.623  275.498  235.292  273.867
715.547  281.341  244.999  279.93
608.226  348.036  116.686  349.657
677.418  281.452  206.458  278.674
639.673  272.839  164.709  268.048
745.728  176.489  274.231  179.683
816.926  338.055  333.718  333.385
875.723  329.512  380.094  325.052
790.195  181.503  314.721  190.429
732.062  192.452  259.908  193.088
630.864  246.299  155.799  239.331
838.542  364.961  349.377  356.611
688.718  241.117  219.733  238.678
751.615  282.903  280.418  282.753
680.383  280.59  209.732  277.934
793.189  194.155  315.697  201.718
729.74  188.994  259.638  190.281
675.652  262.356  207.836  259.588
730.353  191.907  259.908  193.088
727.88  126.9  263.66  132.181
705.979  256.946  236.989  255.618
801.535  212.353  321.962  219.173
626.561  259.312  148.622  252.705
756.651  184.362  284.404  188.827
649.61  306.117  174.142  303.363
671.701  554.589  176.935  568.07
765.693  189.52  292.019  194.499
778.335  185.045  304.571  192.431
680.28  278.897  209.725  276.241
722.653  164.476  253.599  165.271
617.812  280.507  137.457  275.074
826.695  191.565  343.382  202.658
746.751  198.292  275.553  201.301
730.927  186.653  260.481  188.028
652.142  511.109  157.555  525.149
877.712  355.062  380.256  346.509
721.886  519.475  233.821  518.552
743.437  193.527  272.374  196.332
683.983  205.077  214.305  201.242
703.851  237.389  235.971  236.384
796.91  188.176  317.546  195.558
703.376  537.818  213.569  541.499
727.936  272.874  260.32  272.499
751.188  278.613  279.607  278.704
555.2  144.183  53.4702  109.245
681.032  254.694  211.48  251.756
647.29  539.414  149.556  557.837
604.248  154.933  121.913  134.05
915.719  322.081  409.576  318.435
651.17  544.073  154.424  561.678
752.506  302.874  279.106  301.532
616.2  238.092  137.611  229.038
722.649  140.204  253.714  140.862
772.292  221.844  298.834  226.399
812.758  269.626  330.901  272.464
644.668  278.358  170.605  274.204
674.791  312.157  199.491  309.968
725.896  276.938  256.286  276.069
742.866  311.893  269.914  309.825
652.49  162.843  178.013  151.229
778.292  180.483  304.454  188.173
758.051  264.596  287.178  266.042
668.358  267.114  197.057  263.533
717.766  151.465  249.026  151.68
809.422  221.838  333.79  231.107
829.193  328.284  343.785  324.738
680.984  290.196  209.478  287.529
673.264  264.806  202.737  261.666
717.359  235.592  247.814  235.137
772.491  215.89  299.182  220.845
794.747  353.882  313.796  348.446
812.362  338.414  329.936  333.883
596.03  159.282  109.729  136.53
612.845  195.102  133.901  181.154
727.895  125.519  258.841  127.186
728.423  206.535  258.159  207.536
576.938  148.998  89.2656  122.534
735.807  208.596  265.349  210.169
745.683  188.624  274.292  191.765
762.955  280.529  290.167  280.736
767.751  251.833  294.609  254.167
739.367  282.653  262.892  281.74
716.784  135.883  247.836  135.587
705.252  255.383  236.985  254.294
893.846  333.908  393.242  328.473
670.206  263.947  197.231  260.333
835.783  243.806  350.718  250.571
590.098  268.784  103.698  260.852
655.889  261.279  184.049  257.05
839.372  402.796  346.615  391.143
810.203  323.493  330.515  320.158
735.336  205.483  265.069  207.122
746.5  262.253  276.322  263.001
772.142  319.764  296.591  317.404
725.008  173.779  255.969  175.15
741.209  221.657  271.974  223.957
763.16  188.664  289.762  193.574
603.406  157.065  122.75  137.083
758.788  323.565  283.094  321.157
601.84  122.713  117.438  96.1489
620.751  259.577  140.274  252.243
662.893  167.712  188.63  157.972
628.985  256.999  152.167  250.58
896.7  518.185  385.345  485.895
837.64  327.466  349.493  323.914
786.969  172.642  311.312  181.379
704.228  254.719  235.672  253.266
652.697  157.783  178.392  145.795
600.958  156.971  118.028  136.04
740.208  313.905  266.072  312.033
633.178  328.087  152.664  326.824
657.377  163.993  182.902  153.266
791.166  173.8  314.988  182.694
757.28  285.69  272.709  284.811
754.837  231.723  282.589  234.083
667.198  263.742  195.928  259.948
839.761  313.661  354.033  311.877
627.654  182.716  147.91  168.56
689.901  271.888  220.768  269.512
725.11  163.105  255.681  164.307
715.308  241.721  246.854  241.546
688.982  323.001  215.99  320.953
692.198  264.57  222.969  262.595
688.933  155.277  219.021  150.072
730.33  158.874  260.375  160.269
758.851  300.122  285.411  299.133
565.327  265.016  64.289  254.246
772.908  214.203  299.329  219.115
886.956  316.942  388.199  314.817
640.97  288.817  165.622  284.802
827.779  304.208  343.339  303.739
693.522  314.985  221.274  312.904
613.278  158.619  132.533  139.621
727.279  168.689  258.836  170.841
661.52  544.196  166.025  559.636
539.046  232.199  26.7436  212.355
614.757  279.901  135.329  274.603
844.115  334.487  355.146  330.088
684.546  249.361  215.116  246.453
620.281  252.501  142.039  245.148
796.37  284.013  316.946  284.694
848.162  304.415  358.597  304.17
600.978  283.937  113.496  278.158
687.295  285.996  216.258  283.766
570.161  285.405  73.2963  278.141
628.983  318.074  149.655  316.067
845.536  239.551  357.249  247.251
633.641  264.299  152.289  258.131
691.831  260.567  221.908  258.099
649.618  248.109  177.369  242.961
865.687  173.25  372.691  189.033
744.422  287.605  276.008  287.271
843.163  182.729  355.09  195.285
630.938  321.358  150.978  319.637
607.664  167.823  129.14  150.399
794.974  329.048  320.926  324.997
827.474  310.961  347.354  308.929
694.419  141.38  226.105  137.381
657.313  262.74  184.284  258.575
722.05  137.525  253.921  138.949
709.168  277.043  239.699  275.777
655.226  276.515  182.846  272.491
652.29  309.541  176.83  307.164
712.332  236.123  243.833  235.391
637.595  166.423  161.976  153.349
886.596  441.292  381.137  420.612
860.398  296.571  369.083  297.183
803.878  281.146  327.426  282.691
728.927  178.152  258.722  179.59
618.057  296.409  140.498  292.23
816.042  196.587  334.932  206.076
719.558  551.328  228.992  552.063
857.274  164.935  366.997  180.66
673.081  231.708  202.822  227.384
736.922  214.076  267.322  216.351
844.136  226.403  355.764  235.219
882.42  380.297  383.435  366.601
740.936  261.825  270.33  262.512
677.856  297.855  206.211  295.075
799.098  311.424  320.678  309.916
772.237  219.907  298.765  224.389
615.068  172.705  137.248  157.239
690.978  270.373  221.99  267.982
864.446  281.442  377.399  285.029
672.971  211.747  202.742  206.71
673.733  296.761  201.904  293.868
622.487  270.244  141.891  263.832
653.251  308.06  178.014  305.176
586.96  284.555  97.3206  278.407
722.743  168.965  253.569  170.037
759.366  283.028  286.106  282.753
772.304  225.155  298.895  229.36
756.997  574.92  265.337  566.122
718.402  210.677  247.874  210.015
718.882  519.033  230.769  519.118
664.375  163.834  190.522  153.765
583.082  132.57  96.9189  104.493
853.367  226.142  364.778  236.076
716.765  133.097  248.197  132.58
587.554  190.138  99.4029  171.071
892.135  335.189  392.993  329.34
869.16  296.706  373.03  297.379
679.615  197.159  208.826  192.516
694.244  244.562  227.394  243.247
793.235  306.822  316.011  305.256
715.549  199.686  244.966  199.189
691.66  238.782  222.905  236.305
675.808  292.456  203.482  290.015
631.476  160.944  154.954  146.36
858.486  332.678  365.252  328.133
865.121  161.185  373.332  179.192
788.959  298.546  309.752  297.724
677.379  498.572  188.713  505.528
902.691  279.818  401.316  284.25
624.554  264.44  146.286  257.829
623.482  259.367  144.43  252.728
735.507  299.208  260.437  297.987
782.373  277.81  308.9  279.45
622.689  293.311  147.51  289.562
672.092  226.631  202.233  222.118
744.823  261.452  274.883  262.014
781.877  166.642  305.791  173.713
691.942  241.513  222.941  239.004
706.404  276.711  234.677  275.189
577.224  256.848  87.7073  246.116
633.98  280.899  158.25  276.635
835.279  310.958  356.801  308.589
680.544  153.974  211.327  148.429
843.463  312.309  354.499  310.532
760.632  259.518  286.639  260.492
716.126  209.091  246.272  209
852.854  197.517  360.766  208.462
773.38  275.04  300.6  275.972
798.255  312.746  319.822  311.167
659.834  523.787  166.185  537.295
587.82  202.583  100.654  185.722
884.33  316.185  386.551  313.691
756.755  287.947  282.986  287.197
767.084  167.592  293.393  173.888
808.395  362.881  324.153  356.604
658.533  260.531  186.473  256.55
669.562  266.13  198.465  262.991
728.156  152.189  258.233  153.023
668.985  268.669  197.931  265.579
826.738  296.871  342.215  296.807
719.453  549.34  229.636  550.146
688.831  266.515  220.009  263.966
659.608  543.094  164.567  558.529
609.285  257.328  127.229  248.901
772.261  261.564  299.275  264.044
764.942  258.508  291.893  260.649
682.686  216.265  212.893  212.305
596.717  155.161  111.174  132.636
778.71  202.418  305.679  208.99
661.333  167.776  187.296  157.479
640.163  538.323  141.112  558.148
648.214  193.471  178.814  185.489
753.123  285.853  279.687  285.731
639.664  291.378  164.907  287.344
614.852  295.808  134.001  291.983
755.805  257.161  283.625  258.239
718.452  261.205  248.147  260.037
774.527  219.221  301.274  224.736
761.701  173.469  288.201  177.963
840.133  398.779  347.045  387.221
708.878  144.969  239.992  142.967
754.341  223.123  282.321  225.666
729.654  180.605  259.038  182.055
702.829  259.636  235.308  258.699
683.452  287.446  211.659  285.221
651.017  542.127  154.255  559.153
635.685  157.218  159.786  142.328
683.618  484.155  195.494  489.819
787.74  286.765  312.782  287.04
829.288  332.005  343.757  328.242
646.197  271.291  172.156  266.405
748.089  182.656  277.528  187.024
622.33  263.34  142.702  256.998
631.144  269.042  153.56  263.749
610.317  262  127.29  253.941
827.024  182.195  340.107  191.729
736.815  181.554  266.366  184.201
755.508  188.125  282.306  192.145
702.279  252.903  233.399  251.068
723.303  225.062  251.121  224.186
805.621  178.218  330.549  191.552
841.17  312.071  352.806  310.947
850.21  256.783  360.692  262.885
657.637  156.432  182.796  145.181
923.373  261.112  413.267  269.511
882.308  316.898  385.329  314.176
656.865  160.116  182.122  149.126
931.026  459.678  412.502  432.05
787.908  285.031  310.694  285.284
746.581  279.275  274.931  278.707
770.785  280.727  297.036  280.91
652.302  301.142  177.789  298.543
756.626  172.92  283.953  177.813
653.401  272.363  180.177  268.599
678.589  381.54  200.07  380.728
834.814  363.626  344.819  355.904
668.714  154.322  194.969  144.851
741.384  302.338  267.817  301.193
643.662  530.806  146.005  549.605
823.149  353.957  335.472  348.589
666.917  314.095  192.392  312.166
634.647  184.206  154.641  170.123
755.617  249.016  283.637  251.267
864.335  376.535  367.646  365.754
725.883  147.213  257.146  148.286
680.295  209.882  210.356  205.388
725.821  207.996  255.297  208.871
719.907  554.382  230.369  554.771
675.927  497.836  187.382  505.017
680.4  484.663  193.607  489.895
708.944  195.117  240.946  194.191
573.889  288.539  71.788  282.231
689.558  315.464  218.269  312.747
841.901  296.069  354.767  296.27
730.499  283.64  260.76  282.366
764.648  283.9  283.583  283.011
828.534  235.524  345.325  242.543
699.585  558.555  206.894  564.992
576.672  188.156  85.4998  166.402
875.266  335.572  378.514  330.846
624.57  261.23  146.194  254.199
741.06  571.378  250.998  566.467
771.602  264.079  298.589  265.591
705.943  260.747  237.521  259.075
746.164  206.416  274.938  209.614
632.182  250.324  160.08  244.625
785.446  285.903  311.832  286.19
649.391  507.891  154.872  522.553
626.59  175.817  144.402  160.097
690.197  313.195  216.343  310.585
666.442  143.348  194.466  133.856
701.031  255.175  232.426  253.225
710.393  215.301  242.571  214.555
641.302  272.972  166.328  268.667
752.492  186.062  281.005  189.696
691.475  319.773  218.348  317.993
658.293  247.948  186.812  243.655
925.591  283.125  415.179  287.918
622.545  257.065  144.05  250.418
830.409  329.664  344.145  325.521
596.992  267.515  112.625  260.192
673.606  262.529  204.803  259.072
613.278  158.619  133.862  140.886
671.547  243.951  202.558  239.949
702.232  251.044  233.161  249.09
627.142  269.869  147.756  264.39
678.343  213.733  208.266  209.09
666.263  174.658  194.227  166.184
643.753  512.796  147.423  528.511
630.582  267.514  151.017  261.078
693.238  138.583  224.992  135.1
730.482  557.474  240.299  554.82
716.865  239.997  247.726  240.094
668.487  273.47  198.257  269.823
749.626  278.793  278.348  278.34
710.743  172.114  242.212  170.954
910.705  523.112  395.044  487.791
612.06  157.622  132.533  139.621
695.506  243.465  227.385  241.246
717.785  255.61  248.289  254.521
612.191  161.028  132.758  142.518
626.458  173.692  144.918  158.015
654.242  182.396  182.276  173.15
691.242  315.474  218.514  313.693
626.581  156.864  153.477  143.211
688.552  325.544  215.762  323.784
574.814  172.12  85.5221  148.232
779.705  182.8  306.004  190.094
648.903  254.377  175.424  249.582
721.369  196.434  250.604  195.775
599.73  267.144  116.85  260.074
799.642  190.105  321.858  198.432
687.583  222.191  218.724  219.899
587.2  254.636  99.5528  244.995
790.358  180.379  314.971  188.891
863.631  335.191  369.279  329.952
772.55  255.328  299.285  257.43
751.371  189.481  279.941  192.822
630.583  288.492  157.365  283.97
688.48  318.602  215.082  316.882
722.497  249.75  252.586  248.988
715.514  134.484  246.271  134.159
774.097  278.301  301.311  278.81
655.196  183.363  183.493  174.357
801.591  318.832  322.009  316.852
586.962  218.311  94.8568  202.596
696.04  142.432  227.814  138.464
760.687  280.827  288.763  280.619
785.359  343.434  305.964  339.598
597.617  173.334  113.233  154.161
624.891  311.312  146.392  309.049
771.373  250.934  298.61  254.343
783.027  235.287  310.137  240.033
779.062  191.568  305.42  199.422
582.934  281.941  91.8228  275.512
739.585  210.013  268.142  211.201
730.489  152.645  261.261  154.125
808.829  230.307  332.213  237.533
877.377  382.684  376.95  370.413
845.654  230.64  361.842  240.68
670.787  232.312  201.86  228.927
758.241  232.824  285.671  235.008
608.469  290.659  126.942  286.393
719.363  248.075  248.064  247.823
924.554  194.106  415.143  211.798
730.714  385.456  252.409  382.349
804.996  194.449  326.68  203.187
875.682  336.67  380.088  331.462
847.931  282.721  359.241  284.682
703.022  558.884  212.266  562.598
724.018  153.385  253.107  153.846
634.273  165.742  157.68  152.169
600.958  156.971  116.224  135.651
586.996  154.349  100.71  130.821
773.654  314.88  298.225  313.3
680.301  230.573  210.949  226.679
667.324  163.351  193.148  154.295
778.57  189.507  304.824  197.368
707.097  541.267  217.828  544.517
668.777  272.014  198.256  268.216
611.933  170.038  131.288  153.154
733.75  189.084  263.204  190.145
805.862  280.165  329.571  281.616
580.33  255.139  92.1195  245.294
701.366  264.616  232.69  262.485
758.577  260.951  285.489  261.622
678.172  527.309  184.449  537.597
824.415  382.47  336.999  373.511
778.798  196.805  305.084  204.335
736.823  238.91  267.055  239.557
705.301  268.032  236.594  266.051
867.923  310.543  375.83  309.693
624.74  256.173  145.558  249.57
700.424  161.966  232.53  159.337
780.905  196.576  307.94  204.907
656.917  259.248  184.474  255.339
764.947  253.151  291.96  254.747
570.056  287.188  74.9449  281.025
725.088  167.373  255.684  169.054
754.497  183.927  280.935  187.916
644.996  544.306  148.94  562.726
861.973  296.955  369.083  297.183
743.639  270.008  272.851  269.658
772.559  172.752  298.917  178.984
793.512  205.432  317.771  213.923
609.615  309.329  127.98  306.851
611.266  300.026  131.234  296.749
728.207  256.214  258.06  256.7
677.31  389.991  198.172  389.344
702.985  249.84  234.269  247.877
775.043  274.005  301.748  274.766
803.581  277.494  327.463  279.129
859.153  161.707  368.712  177.681
765.903  262.304  293.085  263.421
626.183  265.181  149.001  258.525
923.081  297.049  413.447  298.14
755.21  218.887  283.993  221.751
722.05  137.525  253.271  137.531
722.003  521  233.601  521.148
734.578  277.031  259.81  275.509
797.538  360.087  314.124  355.106
631.709  520.721  133.015  540.969
721.451  215.67  250.321  214.744
772.578  165.414  298.841  173.234
764.797  230.049  291.819  232.874
607.411  263.486  126.016  255.421
757.158  229.125  284.309  231.179
723.299  136.395  254.5  136.591
619.607  296.699  137.817  292.129
790.558  313.892  315.115  311.142
694.646  230.555  226.331  228.018
734.346  153.36  264.973  155.342
702.036  257.568  233.239  255.453
716.551  233.324  247.235  232.368
724.583  204.707  254.404  204.538
785.606  315.09  299.596  313.148
658.86  306.224  183.364  304.185
792.638  289.312  316.519  289.168
735.107  248.384  267.088  248.906
707.089  239.585  237.732  237.782
664.712  165.297  191.744  155.408
648.303  530.388  152.83  547.299
783.82  199.404  309.916  206.253
756.534  232.145  283.414  235.176
701.55  262.929  233.057  260.782
698.12  259.426  227.451  256.758
714.082  528.441  225.002  528.908
766.152  250.931  293.22  252.719
653.818  518.224  159.64  532.96
839.601  208.569  352.878  218.114
610.462  283.018  128.808  278.173
718.103  386.393  240.639  383.979
610.366  275.874  128.985  270.364
865.945  252.283  376.415  260.01
702.66  255.852  234.074  253.795
688.236  248.201  219.218  245.143
886.559  447.39  381.882  425.915
654.846  526.717  160.004  542.257
848.761  198.868  357.796  209.947
685.266  266.902  217.116  263.944
710.717  553.183  218.95  556.315
547.727  133.296  45.2857  95.8681
715.979  253.891  246.164  253.752
752.946  285.587  281.64  285.934
658.293  247.948  185.415  242.313
784.904  175.689  309.694  183.203
845.727  337.014  356.205  332.754
755.005  207.89  283.695  211.048
712.514  206.437  241.703  205.951
573.417  187.999  79.5898  164.892
690.972  249.671  221.423  246.671
765.698  181.732  291.992  186.225
732.127  191.677  261.83  192.477
735.147  192.711  264.873  193.936
626.434  255.966  149.522  249.867
608.262  240.245  127.468  231.164
648.088  317.747  170.693  316.244
650.883  277.487  175.833  274.009
671.317  257.456  201.412  253.373
807.935  313.702  328.269  312.388
635.716  280.605  158.25  276.635
610.074  335.18  127.877  335.089
724.279  242.635  255.1  242.135
558.328  268.865  60.2636  259.348
679.933  214.475  209.867  209.75
693.426  257.612  223.547  254.737
925.906  282.214  415.353  286.062
659.062  264.527  186.161  261.003
690.658  237.469  221.289  234.33
707.169  171.618  239.453  170.096
721.487  551.551  230.768  551.367
784.547  289.164  315.392  289.065
694.238  229.032  225.682  226.293
713.664  258.589  244.785  257.057
758.117  316.637  282.767  313.82
569.331  283.991  75.2409  277.509
843.532  270.903  355.872  274.053
595.028  152.716  110.837  129.203
767.673  231.164  294.445  234.066
720.044  216.563  248.812  215.338
609.142  281.643  126.399  276.632
676.44  166.722  203.993  160.026
776.592  163.461  301.932  171.698
823.015  356.987  335.511  351.548
625.893  313.383  145.503  311.553
738.514  301.753  263.67  299.534
930.852  458.145  410.702  431.852
579.372  256.212  89.6698  245.03
626.125  262.858  148.809  255.87
738.881  241.891  267.825  242.123
628.953  313.308  148.498  311.519
706.551  237.485  237.218  235.552
723.088  176.305  253.627  176.217
710.949  166.134  242.329  164.585
730.171  174.873  261.183  177.742
782.665  172.061  307.411  179.154
689.558  315.464  216.858  313.926
895.239  435.629  388.99  414.825
802.268  276.034  325.92  277.59
734.315  199.632  263.822  200.487
735.12  203.842  264.695  204.765
860.49  328.879  367.139  324.332
712.04  237.907  243.38  236.569
812.409  237.64  333.19  243.401
562.639  308.442  62.9617  305.552
765.969  194.803  292.085  200.38
738.131  202.977  267.907  204.385
733.645  247.699  264.873  247.832
646.026  173.914  172.217  162.123
608.469  290.659  125.132  286.54
648.754  343.396  169.936  341.902
604.432  167.173  124.068  149.626
742.878  310.352  268.961  307.76
577.796  273.874  87.8001  266.5
757.908  181.177  284.88  186.309
640.909  230.323  168.297  224.107
710.315  274.979  242.614  273.022
659.022  163.789  184.258  153.754
767.94  213.866  294.497  217.527
922.585  342.697  413.333  335.448
610.336  266.224  128.398  259.826
639.804  528.013  142.646  547.112
849.061  179.44  360.428  194.199
737.099  206.704  265.069  207.122
711.194  209.819  243.615  208.929
625.712  267.942  149.105  261.365
804.281  314.996  323.192  313.801
674.852  152.827  202.245  145.095
845.425  162.978  356.889  175.882
621.305  279.108  142.216  273.035
912.778  286.23  401.231  288.363
838.427  335.987  351.173  331.934
675.493  293.109  202.051  291.134
689.97  317.806  216.722  316.36
680.226  485.042  192.665  491.249
694.43  260.236  226.204  257.604
722.043  151.786  255.53  153.177
722.605  138.979  253.921  138.949
702.466  269.922  233.977  267.593
788.44  283.235  313.221  283.432
651.419  311.911  176.023  308.647
677.51  143.156  203.281  132.459
619.994  268.263  140.881  262.746
691.496  317.045  218.233  315.613
903.159  513.751  389.87  480.412
688.158  239.777  218.375  236.292
607.944  281.601  124.732  275.059
714.097  384.737  236.341  382.9
593.822  151.371  107.179  128.043
751.156  313.707  277.326  312.45
722.888  124.552  253.95  126.109
611.761  167.712  131.963  149.456
845.849  215.279  357.28  224.218
840.016  271.99  353.664  274.881
708.42  542.105  217.828  544.517
814.571  494.492  321.469  476.441
703.76  225.272  235.39  223.287
672.783  283.943  202.592  280.31
790.242  285.789  314.049  285.706
555.309  142.471  54.8621  108.554
772.602  257.405  299.34  259.027
725.017  143.605  255.971  143.778
604.482  261.413  122.399  254.337
707.471  126.188  238.868  125.025
674.576  152.382  200.805  144.006
686.889  251.94  217.617  248.6
640.163  538.323  142.824  558.256
700.771  131.691  231.143  128.775
773.39  280.133  301.264  280.184
814.172  314.95  334.498  313.54
817.874  264.981  337.62  268.092
644.071  159.385  163.941  144.8
678.371  209.799  208.254  206.333
764.458  216.936  290.875  221.621
691.369  243.379  221.911  240.187
620.557  163.888  141.111  147.861
927.887  408.072  413.134  389.297
626.458  173.692  146.311  159.005
676.422  326.648  202.743  325.395
586.84  165.561  97.0693  142.637
797.004  302.337  321.255  300.662
815.255  491.313  320.323  475.418
618.396  534.479  115.718  560.129
724.081  276.529  255.959  276.659
688.897  228.951  219.24  225.305
687.248  337.376  212.704  336.243
698.973  493.403  211.98  496.954
755.869  260.733  283.833  261.126
746.082  282.346  266.727  280.511
810.085  495.444  318.738  479.19
821.699  296.365  333.686  295.681
751.506  262.99  279.353  262.95
645.884  313.242  169.957  311.605
673.176  311.483  199.491  309.968
689.596  256.672  219.502  253.361
708.094  166.642  240.151  166.807
671.756  318.284  196.683  316.99
785.29  169.951  309.716  177.303
896.106  333.76  394.034  327.582
700.023  223.474  231.168  220.932
750.034  282.874  277.27  281.671
654.602  501.731  161.538  515.091
741.262  180.078  270.527  181.928
835.134  335.769  349.452  331.691
771.732  285.857  295.85  286.768
706.876  195.7  235.658  194.507
850.814  175.304  360.837  189.888
777.211  285.916  306.057  285.617
671.124  230.73  200.96  225.589
786.318  345.054  306.682  341.469
674.129  224.511  205.43  221.6
622.193  317.441  143.001  314.262
874.263  255.689  384.585  265.592
925.708  183.167  414.938  203.151
705.567  243.308  236.623  241.199
690.294  227.471  220.194  223.75
555.862  140.81  59.7174  108.616
717.808  142.261  248.884  143.192
602.08  308.801  121.417  306.451
843.185  445.114  348.992  428.496
732.138  386.795  254.009  383.847
612.326  282.932  128.883  278.288
695.456  264.586  227.881  261.963
602.027  117.291  117.321  90.6088
773.663  224.87  300.314  228.599
827.504  352.031  341.187  346.562
598.205  159.877  111.824  136.49
691.303  256.634  224.194  255.683
734.274  566.163  242.51  563.253
678.972  221.301  209.032  216.51
681.09  336.562  206.076  335.625
724.339  218.849  254.606  218.371
650.289  301.247  174.818  299.145
728.604  208.515  257.891  208.259
615.384  283.533  132.618  279.098
590.869  270.779  102.703  261.935
755.291  173.854  283.953  177.813
810.48  314.423  330.708  313.234
662.989  522.667  171.102  535.183
631.997  309.936  152.842  308.108
732.448  271.638  262.277  272.192
715.162  226.085  246.513  224.95
773.851  170.655  299.956  176.643
729.446  190.111  258.631  192.037
681.836  312.032  208.763  310.653
859.53  261.321  369.274  266.368
773.925  167.089  300.221  173.329
842.633  297.75  355.823  299.055
816.002  289.028  335.554  289.128
574.875  186.655  83.1305  165.756
646.71  509.594  152.328  525.136
772.092  331.754  294.793  329.487
701.28  232.1  232.706  229.705
666.565  177.379  193.809  168.238
681  238.592  211.151  234.4
736.822  209.62  266.98  210.656
699.636  173.965  231.993  171.163
716.041  253.644  246.635  251.997
721.674  387.989  243.885  385.728
678.036  171.477  211.232  166.173
826.342  354.354  340.025  348.75
884.333  430.286  382.104  410.633
693.483  234.267  224.53  231.139
668.593  308.584  196.437  307.011
703.165  264.875  234.775  262.47
656.088  263.599  182.363  260.066
706.264  251.356  237.73  249.245
649.074  541.478  149.368  560.246
792.046  337.493  314.622  333.95
703.24  263.115  234.808  260.718
743.214  195.473  272.879  197.442
675.006  230.345  204.473  225.292
632.779  311.582  154.952  309.885
627.419  311.348  148.406  309.606
689.476  141.306  219.382  136.78
813.259  494.892  319.478  477.719
733.431  388.164  255.507  385.07
700.052  209.632  231.912  209.155
629.2  274.396  147.734  269.71
839.992  398.937  348.955  387.566
611.985  338.597  125.063  339.628
610.813  282.757  126.9  278.113
648.606  250.565  174.634  245.972
646.054  274.471  171.976  271.056
714.168  231.387  245.041  229.905
701.496  174.733  233.918  172.189
862.451  243.074  372.101  250.884
587.051  124.074  99.5327  95.6201
731.756  147.99  263.516  149.793
680.034  237.084  209.999  232.692
723.84  207.931  252.865  209.03
674.122  302.993  199.916  301.443
653.513  303.347  177.942  301.481
885.919  289.641  389.966  291.186
700.988  225.359  232.092  222.766
586.823  236.628  101.339  225.498
566.578  264.048  70.9127  254.564
685.941  260.859  217.468  257.498
651.017  542.127  155.888  559.537
648.706  247.125  174.443  242.307
683.155  268.987  214.845  265.556
636.289  387.856  153.899  391.463
652.193  301.347  175.938  299.384
789.744  285.551  315.605  285.413
619.912  246.992  139.005  239.5
622.245  324.106  139.924  323.501
873.48  390.579  375.249  378.136
831.892  275.418  346.935  277.338
622.199  372.642  137.077  374.235
859.169  159.707  368.892  175.37
694.196  227.555  225.402  224.384
671.01  186.457  200.219  179.071
658.586  152.764  182.384  141.355
648.889  157.201  174.732  146.103
666.504  311.528  190.701  310.203
611.102  332.098  126.45  332.334
686.472  256.656  217.869  253.237
731.362  248.327  263.195  248.09
676.365  527.354  186.441  536.846
720.177  568.112  226.905  569.9
668  286.735  195.169  282.632
609.141  264.919  127.037  258.614
650.149  301.161  176.887  299.193
820.82  256.035  339.01  259.789
654.002  301.245  178.621  299.351
722.106  552.988  233.409  553.013
612.06  157.622  133.862  140.886
778.778  204.155  305.348  209.623
693.127  226.649  224.246  223.322
757.958  170.624  286.145  174.691
771.176  272.364  298.174  272.589
760.402  273.533  288.639  273.252
679.651  218.267  209.42  215.386
735.99  211.582  265.669  212.152
661.187  199.797  190.608  192.159
723.637  257.441  251.509  255.59
848.135  166.871  358.395  181.73
750.166  264.207  280.124  264.145
683.33  211.775  213.451  209.175
840.381  363.326  350.618  356.412
748.089  182.656  277.223  185.25
761.632  257.987  289.06  260.785
673.903  169.691  201.832  161.078
782.462  251.973  309.986  254.771
675.686  282.334  206.481  278.552
706.981  242.495  237.772  240.222
867.534  181.192  374.697  198.262
798.003  259.25  321.251  261.758
723.438  288.835  251.476  286.34
673.294  266.078  203.871  264.109
704.347  328.422  230.681  327.258
827.767  258.706  346.925  263.056
755.378  326.128  280.333  324.506
688.245  137.724  217.375  132.511
576.107  274.584  87.1258  267.703
851.63  260.098  361.822  264.378
829.474  344.835  343.724  340.185
689.234  233.562  221.015  230.123
668.742  158.83  195.134  150.565
807.186  337.406  327.295  333.75
854.135  411.662  358.987  398.304
778.34  325.614  302.018  323.713
650.97  329.633  174.775  329.037
683.828  336.175  209.905  335.266
692.622  136.482  224.682  133.814
699.402  264.455  231.644  261.785
681.402  483.459  194.146  489.733
842.015  398.577  350.319  387.468
708.256  270.718  239.249  270.485
607.482  251.517  125.867  243.914
772.578  165.414  298.85  171.162
627.755  260.487  148.622  252.705
664.856  258.112  196.296  253.448
793.851  337.807  315.628  334.49
742.467  192.235  272.14  193.97
653.952  528.494  159.107  544.866
737.553  211.232  267.299  211.935
601.571  266.07  117.94  259.543
734.338  210.505  263.944  210.771
699.518  157.736  231.729  154.248
825.843  202.558  344.601  212.468
707.645  127.47  242.139  126.19
661.296  325.288  188.723  324.261
785.391  167.008  309.937  174.217
692.093  167.908  224.146  166.121
772.785  273.388  299.874  273.534
685.505  336.158  211.056  335.349
573.399  275.668  82.5038  266.447
709.652  249.9  241.011  247.797
872.889  188.7  378.881  205.801
657.968  317.341  181.006  316.376
847.941  165.225  358.263  180.363
565.917  255.604  74.3946  245.478
647.13  266.027  172.77  262.379
781.527  278.223  310.084  280.913
643.891  251.182  171.765  246.906
861.366  221.724  371.326  231.943
609.876  338.015  122.115  339.293
682.481  236.03  212.865  231.682
710.436  544.426  219.448  546.242
852.168  347.459  361.642  341.919
695.914  140.629  226.923  135.257
925.457  262.571  415.12  269.315
653.606  313.241  177.29  312.046
830.206  341.462  344.994  337.163
644.895  253.147  169.115  248.445
687.906  491.612  200.171  497.631
864.805  308.006  371.7  305.956
712.199  235.679  243.51  233.86
770.767  171.537  296.18  176.059
729.706  178.968  260.356  179.359
655.308  257.909  182.995  254.549
665.611  157.39  191.476  148.5
805.662  317.552  326.069  316.383
762.409  272.962  289.975  272.564
778.621  249.06  305.256  251.353
627.889  158.203  148.665  142.767
923.442  263.179  413.267  269.511
864.861  282.727  369.454  286.592
606.718  142.992  123.047  121.483
648.982  510.301  156.319  524.849
802.801  270.113  324.06  271.42
566.972  276.572  70.425  269.281
778.998  231.745  305.61  235.297
643.527  274.555  168.989  268.788
685.114  254.661  215.172  250.685
778.361  264.618  304.969  265.641
586.996  154.349  98.7215  130.733
887.399  388.587  385.043  376.395
754.886  201.057  283.578  203.78
840.383  171.455  352.118  185.252
847.709  162.757  358.214  178.282
786.101  246.486  312.382  249.595
878.901  270.806  382.458  274.612
609.285  257.328  127.89  250.567
827.149  278.406  344.703  279.775
791.949  273.391  317.433  274.313
664.831  227.092  195.353  223.728
821.739  196.409  341.494  206.466
685.71  318.692  211.479  317.818
654.862  328.748  175.886  328.539
631.927  363.72  146.811  364.21
697.543  259.81  229.058  256.796
734.707  306.259  262.054  305.744
806.411  244.497  323.064  249.664
691.726  132.087  223.647  129.233
641.654  274.41  168.34  268.645
706.98  249.345  238.452  246.964
566.183  297.43  68.2572  293.41
643.662  530.806  147.631  549.517
860.13  224.6  370.801  234.489
618.064  248.317  138.746  241.428
753.354  318.346  279.688  317.299
735.419  198.867  265.427  199.47
741.944  195.076  271.498  196.441
735.556  316.256  261.499  312.848
751.911  317.267  276.67  313.834
867.562  253.534  376.415  260.01
866.875  375.766  370.966  366.122
743.564  213.132  273.876  214.569
657.231  151.943  182.384  141.355
722.746  173.567  252.454  175.259
767.451  272.744  294.561  272.483
803.395  272.789  321.282  273.293
874.213  188.281  382.356  204.469
762.362  283.005  286.831  284.235
778.507  227.361  305.068  231.039
894.676  341.277  395.262  335.099
577.796  273.874  86.2736  266.976
656.101  178.148  184.782  168.133
773.208  239.732  300.073  242.084
892.773  207.316  395.209  222.148
773.573  190.809  299.753  195.508
796.195  218.617  320.813  227.555
851.945  195.71  361.57  209.193
573.978  287.398  81.612  282.279
845.093  181.226  354.872  194.139
731.242  257.251  259.689  258.445
868.598  278.894  376.193  281.313
829.78  282.721  347.306  283.581
645.232  530.175  149.213  548.763
835.207  187.533  348.896  200.475
734.83  212.686  264.432  212.733
852.926  188.967  362.216  203.074
738.04  301.417  264.008  301.255
691.056  235.67  221.351  231.737
704.487  333.107  230.375  332.229
703.453  216.821  232.566  216.224
750.906  194.588  277.841  198.967
821.994  381.797  335.045  373.984
631.003  314.461  152.194  313.393
736.787  205.959  266.836  206.537
653.398  247.932  179.388  243.868
697.415  324.005  223.492  323.241
801.246  278.301  324.535  278.822
783.587  174.613  310.502  182.423
688.776  339.584  214.2  339.007
938.994  547.041  413.162  502.728
726.931  210.545  256.448  209.63
848.761  198.868  358.747  211.586
789.25  174.454  314.988  182.694
724.961  151.036  253.421  148.934
819.865  265.028  339.83  267.749
699.319  152.285  231.136  148.096
719.262  256.237  248.96  254.112
620.093  250.766  141.023  244.349
825.604  266.376  342.348  268.753
604.107  334.89  115.895  336.099
723.61  211.816  252.157  210.139
769.33  168.804  296.151  173.819
655.237  286.56  181.416  281.66
668.093  142.971  194.466  133.856
821.634  237.897  341.105  243.661
665.374  163.432  191.744  155.408
910.517  521.249  394.025  486.002
840.831  364.912  350.938  358.144
702.714  254.39  234.827  251.676
598.811  341.849  108.738  344.014
578.079  255.423  87.7073  246.116
708.534  227.131  240.016  224.881
737.758  215.633  267.473  215.946
784.837  237.397  311.448  241.037
838.707  399.631  347.803  388.885
603.279  144.377  118.573  119.278
692.347  273.797  224.604  270.391
659.077  152.601  183.726  142.156
767.464  257.597  294.417  258.207
750.408  284.733  272.217  282.488
746.494  200.124  274.334  204.235
795.164  170.94  319.008  179.311
878.299  374.276  380.053  364.173
698.298  327.263  224.864  326.498
818.559  228.81  339.746  235.72
644.107  528.09  148.263  546.658
616.256  354.032  135.712  353.02
738.819  208.908  268.433  209.424
770.854  315.638  296.614  314.856
882.916  441.466  377.556  420.185
602.767  341.031  113.2  343.102
852.734  172.885  362.132  188.498
785.927  174.166  311.312  181.379
718.242  147.909  249.52  149.825
629.002  160.634  152.116  143.692
775.071  240.318  301.588  242.582
783.795  312.302  312.885  311.527
634.477  315.83  155.904  314.973
857.756  225.954  369.545  235.596
745.894  197.874  275.48  199.556
676.316  240.559  206.874  235.618
791.794  280.254  317.396  280.246
852.603  174.663  361.554  189.716
596.371  322.579  105.747  322.623
862.365  382.869  366.951  372.873
645.549  254.837  169.031  250.46
785.227  174.786  309.729  181.187
676.361  306.012  201.881  305.086
809.665  231.738  332.213  237.533
651.686  241.991  177.825  237.646
714.506  229.416  245.486  227.458
772.314  234.167  299.04  239.718
783.937  182.906  302.641  188.608
770.565  312.869  295.797  312.411
620.122  359.631  136.034  359.535
778.894  268.581  305.772  269.083
631.123  244.486  156.468  239.011
758.294  168.251  288.044  172.872
819.96  269.316  338.981  271.24
838.597  338.076  352.122  331.146
646.46  330.969  166.192  331.271
875.676  338.4  380.583  333.776
779.949  233.99  306.81  237.28
823.491  218.463  341.876  225.795
854.688  174.565  363.876  190.574
696.9  269.911  229.106  266.619
642.486  316.117  164.189  315.406
636.217  527.412  138.545  548.181
741.742  239.891  272.018  239.929
752.388  263.317  281.48  262.818
681.759  142.685  210.68  137.144
651.578  512.361  158.111  527.684
757.005  333.221  281.684  331.614
642.212  318.038  167.039  317.275
654.481  194.995  184.13  186.014
685.381  336.962  212.733  336.326
739.473  204.243  269.209  204.877
686.392  319.946  211.781  319.408
728.597  320.011  254.684  319.342
813.387  283.497  333.287  283.517
805.186  182.767  327.969  191.822
745.728  176.489  274.825  178.218
728.243  141.214  255.575  142.332
653.62  253.828  180.954  250.497
720.404  518.313  233.821  518.552
751.615  282.903  279.899  281.125
591.622  137.506  105.139  112.812
680.605  448.786  195.599  453.719
774.391  238.329  300.827  240.517
871.618  254.293  379.924  260.744
683.618  484.155  197.28  490.116
772.047  159.815  298.273  165.023
622.522  362.915  137.926  363.066
781.826  251.729  308.409  253.728
741.892  231.704  272.892  232.238
859.125  418.637  361.333  401.513
763.988  568.881  270.335  558.727
840.81  217.775  354.264  225.699
748.127  328.671  273.653  327.481
812.852  345.324  331.238  341.26
788.953  171.882  314.394  179.74
574.268  150.948  80.2992  123.692
649.803  332.932  170.019  333.368
825.82  351.42  341.306  346.351
678.831  241.549  208.354  236.436
725.818  220.284  255.133  218.858
700.389  233.691  231.6  230.459
757.97  168.255  286.304  171.8
724.717  217.127  253.302  215.348
634.795  158.621  158.261  145.641
651.931  497.497  159.374  511.497
843.513  266.735  356.922  272.991
701.943  205.825  234.226  202.918
650.107  292.098  178.369  287.139
788.625  346.421  309.116  343.333
793.29  197.806  313.63  205.813
903.122  273.875  402.698  278.277
819.801  387.391  333.076  375.675
591.226  139.172  104.734  114.774
690.082  171.271  222.974  166.594
548.464  395.033  39.2947  405.28
585.217  282.544  94.4472  277.425
669.767  179.748  198.679  171.062
713.674  385.54  235.34  384.834
594.986  277.359  109.5  272.233
751.096  262.219  281.153  261.755
681.452  165.444  212.409  158.422
611.992  173.394  132.001  154.815
610  258.592  128.24  252.357
651.475  249.121  179.93  245.753
724.438  159.895  256.801  159.926
620.499  164.879  141.115  149.915
614.739  302.73  134.93  297.512
752.573  338.409  277.194  336.754
935.152  172.964  420.686  195.165
726.438  273.395  257.265  274.5
713.089  241.563  245.278  239.47
762.425  328.085  287.737  326.744
636.781  248.644  163.052  244.094
791.944  272.735  315.889  273.059
692.404  232.579  222.21  228.234
841.137  355.452  353.872  349.259
874.83  374.065  377.891  364.213
626.59  175.817  144.918  158.015
571.188  270.168  78.4963  262.799
603.495  142.491  121.334  121.891
725.074  212.627  253.925  210.9
629.229  243.695  149.6  237.306
748.985  276.318  278.266  274.759
698.692  317.656  227.732  317.03
831.071  281.49  346.991  282.033
835.974  340.93  348.781  337.356
776.964  168.171  303.958  174.513
681.975  484.205  194.449  491.34
786.969  172.642  312.231  179.738
748.404  280.29  277.41  278.421
712.115  353.107  236.752  352.341
925.343  253.923  415.053  261.428
773.125  330.111  297.159  328.562
772.491  215.89  299.329  219.115
845.906  320.327  364.784  318.223
565.445  122.634  70.5098  89.1432
856.292  173.441  364.354  189.279
708.31  173.713  240.409  175.022
753.548  209.584  280.983  214.56
599.264  264.864  116.629  258.859
736.811  217.579  266.954  217.534
742.53  231.543  271.568  231.353
662.085  242.133  193.19  239.745
719.918  151.908  254.279  152.27
944.145  151.215  429.455  182.514
704.311  260.102  236.493  257.063
675.331  139.719  201.785  131.851
649.207  140.792  175.299  129.343
644.72  318.659  165.37  318.409
699.516  155.78  231.585  151.425
570.612  152.612  70.9942  123.166
575.2  298.223  77.295  295.029
607.281  334.891  117.227  336.704
630.467  155.78  150.04  140.398
726.749  194.465  255.329  196.71
615.92  176.167  135.807  158.028
646.505  320.575  167.048  320.497
546.287  131.732  45.2857  95.8681
861.746  377.387  363.569  366.168
703.581  348.024  228.071  347.708
917.059  309.015  412.063  306.046
802.771  327.844  320.588  322.918
628.461  292.352  149.481  290.121
804.506  359.823  319.373  352.292
779.705  182.8  305.677  188.277
812.331  191.439  332.494  199.386
866.771  182.474  373.388  199.702
856.111  326.961  364.203  325.278
841.189  223.994  355.414  231.512
774.183  277.883  301.511  277.062
785.135  251.39  311.833  253.472
715.402  390.338  250.275  384.824
745.282  190.735  274.292  191.765
710.533  244.306  242.042  241.633
746.375  222.766  276.934  223.671
678.55  264.671  210.179  263.892
608.32  255.425  126.284  248.988
774.331  173.003  302.911  179.435
870.411  177.221  377.375  196.694
628.371  150.76  155.564  138.495
707.458  142.624  238.891  143.201
531.072  200.276  17.5161  174.377
815.562  192.776  335.467  201.074
708.607  157.833  240.847  154.877
709.84  166.067  238.571  161.482
573.889  288.539  72.917  283.805
780.327  250.913  307.165  252.551
794.967  252.461  321.49  255.269
862.127  332.152  368.122  325.894
681.357  161.953  211.465  153.994
851.73  257.189  360.539  264.581
676.196  245.947  206.053  240.508
556.272  144.968  54.411  112.265
858.195  174.552  365.618  190.586
606.129  274.799  124.687  270.377
665.215  181.684  194.157  172.286
609.221  302.642  124.935  297.036
754.368  165.966  290.934  173.759
703.635  252.982  235.179  249.664
789.648  170.507  315.399  178.36
795.295  272.469  318.762  272.674
924.516  229.314  415.163  240.515
861.984  227.427  370.919  235.61
821.538  219.765  341.943  227.145
674.323  285.293  205.348  280.6
875.045  180.976  383.124  197.308
565.445  122.634  68.4898  88.3802
727.534  215.383  256.584  213.682
824.543  219.106  343.694  226.433
771.764  315.634  298.295  315.336
834.594  254.243  356.837  259.867
617.934  291.252  138.771  284.821
779.739  184.731  306.004  190.094
816.763  200.266  337.377  208.563
739.278  219.046  268.859  218.757
764.561  232.958  291.095  233.932
815.487  284.924  335.96  284.431
810.868  188.736  331.558  196.646
793.133  353.323  313.381  349.751
700.08  205.299  232.034  201.608
784.617  253.872  311.512  255.531
718.248  145.24  250.164  143.331
629.992  276.13  149.907  268.703
825.749  238.407  345.259  248.426
656.301  170.044  184.268  158.364
883.427  393.511  384.58  379.721
735.615  210.52  265.434  210.015
689.003  130.675  221.285  128.521
660.863  236.932  191.684  234.557
608.97  235.981  127.895  227.89
827.434  246.185  345.178  250.491
712.925  354.255  237.398  353.868
873.026  400.262  375.072  387.437
794.89  174.359  318.976  181.811
743.961  210.216  274.374  210.943
730.464  218.704  259.371  217.079
576.115  265.344  81.1371  257.623
665.659  153.192  191.243  144.912
682.346  161.083  213.491  153.519
834.807  180.086  346.288  192.744
594.32  279.325  105.239  274.672
756.615  169.709  292.778  177.251
736.818  187.475  266.98  187.536
580.43  261.328  89.801  253.679
700.033  212.162  228.773  211.888
717.536  184.261  248.65  182.032
628.069  236.101  151.913  230.225
779.144  230.643  305.935  233.32
565.203  267.204  63.3419  258.798
601.629  340.898  111.231  343.818
791.049  215.645  316.549  225.386
641.097  528.999  146.421  548.036
743.11  307.263  267.827  303.366
794.511  274.402  318.847  274.233
789.021  274.209  314.217  273.848
624.77  244.726  146.355  238.969
578.193  258.854  87.2036  250.802
605.903  335.765  116.113  338.085
603.213  118.712  123.872  97.0066
692.636  160.533  224.037  154.393
624.067  307.955  145.802  307.204
626.616  260.934  148.757  256.723
652.49  159.292  176.414  149.203
784.185  195.568  310.231  200.792
835.836  348.927  349.844  344.427
665.431  142.775  189.451  132.932
647.319  543.706  148.254  560.602
791.082  253.481  315.313  254.867
648.307  319.365  168.094  319.753
679.756  247.485  210.043  242.032
588.488  286.032  100.964  282.283
644.435  529.248  150.373  547.586
649.76  269.529  176.325  267.425
839.088  207.323  356.032  217.155
838.304  185.872  348.215  198.036
924.963  284.167  415.353  286.062
642.188  281.863  162.672  275.045
581.461  142.32  102.386  116.719
691.697  251.464  221.423  246.671
739.578  225.91  269.147  225.143
863.081  220.52  373.658  230.248
736.811  217.579  265.459  216.334
760.673  191.147  286.152  197.518
551.745  247.709  51.7066  235.766
574.99  137.528  87.6868  106.664
613.637  381.64  128.151  382.776
752.063  324.354  279.312  323.95
682.302  511.181  195.796  518.719
812.42  243.149  327.391  249.737
630.614  319.645  150.684  320.027
726.803  201.142  256.409  199.182
715.521  137.231  246.709  139.639
711.378  214.443  243.624  211.695
704.033  351.985  228.486  352.248
626.435  291.768  149.481  290.121
843.13  405.592  347.757  391.444
775.483  314.061  301.763  314.349
754.891  314.634  278.875  310.206
813.095  240.942  334.648  244.857
877.146  339.715  380.577  336.231
789.973  273.414  315.863  273.01
782.943  322.163  308.342  321.688
721.915  391.878  246.11  390.417
609.321  245.849  127.397  239.097
864.701  182.737  371.442  200.322
620.593  284.679  141.745  277.255
923.542  258.024  413.173  263.598
679.956  180.179  207.322  170.92
623.876  240.878  145.491  235.098
894.602  206.918  397.968  221.566
841.806  403.875  350.603  393.492
599.791  353.655  109.048  358.444
608.686  335.012  126.892  336.84
627.577  161.435  149.291  148.311
708.083  211.608  239.454  213.591
784.752  230.757  311.506  233.663
560.317  263.362  60.1157  254.731
660.531  181.886  190.425  171.653
582.934  281.941  91.5304  277.666
809.986  317.413  330.909  317.575
869.812  208.952  379.26  220.615
841.282  226.927  355.083  233
712.624  204.269  241.703  205.951
621.571  281.425  143.467  273.61
609.677  263.205  125.605  258.254
589.729  320.591  101.37  321.476
589.452  365.502  93.2327  372.85
623.588  283.427  142.301  275.595
638.885  184.393  177.1  181.325
676.026  172.749  202.692  162.02
682.493  246.699  212.355  240.761
576.977  275.309  85.1424  270.092
682.774  248.989  212.778  243.129
578.143  160.858  88.4405  132.569
782.78  314.41  308.07  315.106
699.229  150.63  230.995  144.587
822.522  283.157  341.161  282.155
900.527  402.709  394.433  389.479
862.065  212.811  373.615  223.203
761.813  200.961  285.938  207.147
806.093  337.526  330.923  334.74
620.318  245.261  139.005  239.5
574.906  271.665  81.9473  259.958
914.931  208.103  409.98  221.466
862.679  244.894  375.574  251.673
594.622  342.06  104.791  345.79
786.557  208.481  307.876  216.859
745.624  225.558  275.428  224.804
697.606  195.227  227.551  195.793
742.535  196.519  266.714  200.187
805.506  339.612  330.194  336.72
685.593  161.229  220.018  154.856
556.315  140.643  58.7214  110.186
707.281  218.834  234.293  219.706
842.053  353.419  355.781  348.54
683.556  163.548  212.043  160.772
594.326  345.583  101.608  350.197
611.361  291.35  133.245  283.721
839.61  322.519  352.801  322.597
839.802  369.103  350.52  363.499
860.564  244.477  375.574  251.673
787.376  245.409  312.791  246.506
720.497  255.45  246.808  257.433
605.589  277.522  117.946  274.128
795.572  315.202  322.45  315.844
920.507  544.768  398.582  503.665
686.83  136.496  215.899  125.832
683.318  215.133  212.596  207.809
886.417  172.034  392.258  189.487
685.114  254.661  215.178  248.609
589.17  291.361  103.887  282.751
822.386  194.551  341.487  202.029
773.97  196.251  293.196  202.386
643.102  528.721  147.631  549.517
678.327  145.523  204.428  140.073
574.494  279.967  82.9235  269.138
815.09  335.199  335.185  326.818
780.272  345.453  304.057  343.925
869.185  210.712  379.885  222.056
740.628  307.834  264.012  302.776
665.265  187.435  194.518  176.945
682.687  377.073  203.683  380.107
854.722  310.121  364.759  305.395
642.446  183.996  171.324  170.828
620.73  151.723  143.029  138.061
886.202  175.413  392.311  192.412
859.337  197.542  365.674  212.978
933.906  5.55871  419.965  6.01559
666.819  128.946  192.566  120.69
689.824  173.04  220.66  165.27
740.627  235.736  267.058  232.63
636.645  235.185  163.987  231.882
790.117  193.87  315.573  198.464
546.287  131.732  45.235  97.7963
725.833  196.619  259.577  195.096
826.755  282.484  344.935  280.997
819.252  246.819  340.067  249.393
783.884  211.719  309.967  214.384
853.936  316.571  362.073  310.861
818.183  191.156  336.722  197.079
830.546  212.49  344.849  216.927
785.953  264.309  312.469  263.386
680.903  171.091  207.747  159.924
646.968  242.876  175.687  241.096
614.89  249.307  132.047  236.681
622.943  234.149  144.089  228.794
664.733  193.024  194.449  182.588
788.342  345.018  313.838  343.086
653.932  231.358  184.563  230.022
785.605  350.331  308.313  348.757
726.593  387.507  252.628  386.595
540.909  291.12  29.2588  287.62
595.209  97.3861  110.269  70.2716
901.209  353.203  396.752  348.854
773.39  280.133  301.264  280.184