1193
718.606  257.178  247.607  255.264
775.456  195.919  301.762  201.122
566.66  299.495  72.8633  296.154
758.615  264.056  285.02  263.94
649.87  283.404  175.203  279.498
747.678  287.931  276.01  286.987
551.112  177.699  50.1076  148.678
824.938  394.913  339.157  385.503
742.904  198.765  272.362  200.314
561.794  122.247  65.4698  86.0562
689.741  248.535  220.994  245.417
733.056  211.067  262.509  211.066
773.603  288.191  297.502  287.284
738.675  240.355  267.502  240.076
695.242  155.908  226.304  151.677
733.582  235.183  263.1  234.744
620.251  280.22  140.944  275.064
724.276  257.949  254.073  256.618
620.251  167.359  143.964  150.999
842.604  227.783  359.458  236.539
545.559  289.012  41.7067  282.543
667.614  380.943  187.564  382.789
658.632  176.309  186.189  166.404
541.507  279.503  41.0569  272.095
871.833  198.645  379.302  212.913
729.863  156.925  260.139  158.083
742.875  237.821  273.284  238.442
695.053  265.55  226.992  263.34
736.64  245.242  263.185  244.053
660.979  450.006  174.422  457.899
878.832  291.77  389.547  294.604
879.785  244.857  383.327  252.411
755.404  525.209  268.206  518.606
842.04  230.017  358.572  238.379
735.917  212.47  265.735  212.834
706.04  466.119  222.333  467.529
736.669  202.871  266.231  203.561
601.179  329.798  114.856  330.674
780.785  256.694  307.039  258.632
816.435  211.128  336.47  219.075
741.688  211.899  271.092  212.885
683.637  243.461  214.105  239.629
795.61  171.72  319.921  181.375
840.015  223.707  357.282  232.692
669.979  306.091  196.917  304.026
699.335  274.365  230.23  272.232
675.027  226.202  204.438  220.828
696.927  270.363  228.378  268.196
600.901  149.269  111.096  124.448
780.725  292.573  306.077  292.258
602.884  330.673  116.221  331.427
653.79  326.273  178.582  325.728
668.431  157.126  193.901  147.076
720.147  263.421  249.234  261.581
869.547  310.437  377.278  309.25
750.906  277.569  279.419  277.055
831.325  202.865  349.33  213.196
670.925  288.518  199.691  285.845
810.978  200.718  330.975  208.796
604.507  352.051  115.686  355.42
740.818  292.557  267.157  290.656
668.472  216.791  197.365  210.349
666.362  304.939  192.994  302.875
742.161  189.861  271.029  191.5
763.179  530.862  273.356  522.264
835.175  229.82  352.454  237.437
748.828  180.932  277.462  183.813
664.179  184.086  193.716  175.887
859.64  230.372  368.142  238.63
723.253  225.393  253.172  224.192
874.64  275.183  379.865  278.301
655.487  126.578  180.576  113.023
807.305  222.073  331.109  228.757
780.457  271.619  308.119  273.002
682.231  261.356  212.572  257.989
612.307  246.254  130.237  236.142
729.157  180.132  258.603  180.262
704.401  257.849  236.466  256.052
735.317  206.832  264.619  207.07
706.689  135.077  237.769  132.931
600.511  331.962  112.311  332.715
744.718  260.66  273.827  260.353
654.157  252.244  181.427  246.617
770.184  215.372  296.419  218.742
799.394  313.498  320.744  311.731
734.883  221.135  264.599  221.26
815.452  248.633  335.485  252.916
598.22  126.915  113.397  100.565
728.481  163.791  258.485  164.561
809.48  290.687  330.393  290.873
852.301  229.723  364.337  238.065
756.998  258.165  283.555  258.102
620.678  187.357  140.01  171.772
740.623  213.361  271.177  214.387
769.145  280.119  296.095  280.269
599.975  162.652  116.99  141.274
842.182  223.919  358.594  232.863
904.968  136.075  397.765  162.304
704.871  280.396  235.008  278.497
658.27  167.586  183.986  156.767
741.823  183.107  270.717  184.992
796.694  184.286  320.331  192.897
603.565  236.236  121.088  224.497
776.847  244.476  303.306  246.764
639.194  317.253  160.631  315.872
788.932  255.092  315.377  257.841
610.707  190.321  129.573  174.007
764.406  280.463  291.465  280.145
733.975  232.69  263.714  232.296
703.976  267.316  235.525  265.543
743.897  294.831  266.534  291.932
598.596  122.216  113.284  95.2191
595.721  376.659  103.205  384.653
669.002  270.803  198.146  267.345
633.475  359.952  150.337  362.673
682.863  338.034  207.977  337.134
892.23  457.315  386.876  434.633
664.818  302.162  191.389  299.988
682.975  377.286  206.995  378.208
794.645  280.939  318.722  281.682
645.677  282.647  171.263  278.633
677.597  262.686  207.761  259.354
771.866  291.944  297.691  291.163
649.125  264.619  173.476  258.775
638.781  315.54  160.81  313.915
733.084  308.349  262.891  307.218
669  134.648  194.284  124.05
814.844  218.213  334.462  224.955
816.457  200.018  336.445  208.893
892.066  280.617  393.152  283.535
817.741  227.675  338.04  234.068
718.566  141.455  249.266  141.032
551.147  282.352  48.5035  274.443
617.242  345.333  131.658  346.992
699.371  255.871  229.58  253.028
685.285  282.856  212.511  279.824
760.216  180.782  287.213  184.996
649.66  163.981  173.702  151.362
607.899  274.836  125.728  268.285
651.682  181.184  179  170.817
663.862  330.328  188.622  329.793
766.62  187.638  292.662  192.154
825.829  393.166  337.869  383.477
737.607  204.158  267.188  205.066
741.586  320.891  269.696  319.318
787.991  227.42  313.793  231.774
740.745  209.086  270.823  210.38
744.102  247.935  273.644  247.95
568.229  222.855  75.5357  205.217
839.291  406.034  346.833  393.84
620.273  277.544  140.156  272.013
768.12  269.191  295.027  269.5
671.825  305.552  199.106  303.376
721.958  216.633  251.118  215.061
594.269  254.405  109.259  244.313
598.071  254.236  112.808  244.406
572.375  174.515  80.2156  149.117
597.561  329.762  111.549  331.269
722.504  129.808  254.744  130.829
677.664  294.693  206.224  292.185
725.33  278.686  257.049  278.029
676.546  287.759  204.5  285.084
719.186  437.013  237.995  435.856
663.891  180.426  191.748  171.657
899.991  242.983  397.221  251.534
692.145  265.434  224.912  263.54
835.304  402.462  344.08  391.007
828.031  262.416  346.213  266.246
780.265  177.518  306.146  184.399
679.202  354.588  203.498  354.759
816.378  280.423  337.114  281.826
796.026  225.417  320.224  230.789
655.286  133.928  178.981  120.113
688.797  146.976  212.124  139.486
796.857  293.934  319.212  293.777
784.447  258.846  308.886  260.691
762.248  179.266  288.644  183.335
702.208  249.77  233.54  247.645
784.447  258.846  310.593  260.762
644.123  279.087  169.407  275.018
766.129  287.404  292.879  286.709
745.769  266.732  275.809  266.472
555.669  269.613  57.0746  259.867
843.196  201.608  357.356  212.619
747.034  270.888  276.766  270.51
878.004  259.043  383.877  264.823
733.742  219.833  263.087  219.889
724.044  219.772  254.451  218.704
667.993  439.228  184.315  445.151
709.545  264.438  240.538  262.408
841.315  225.625  358.179  234.692
704.826  149.498  236.11  146.69
766.109  227.913  292.679  229.928
748.057  286.129  276.491  285.058
767.383  188.657  294.22  193.517
776.8  242.662  302.778  244.804
684.348  247.078  215.309  243.737
787.436  244.202  313.342  247.728
841.773  222.491  356.97  231.511
722.251  224.053  252.357  223.11
659.809  296.852  186.634  294.54
724.934  289.346  255.765  288.003
812.002  195.993  332.502  204.654
703.064  265.721  234.073  263.849
663.891  180.426  193.628  172.256
661.529  161.971  187.398  151.512
727.249  250.188  255.588  248.463
707.478  240.186  238.655  238.287
624.37  280.152  146.709  275.588
694.33  281.578  224.754  279.17
767.226  235.689  293.474  237.785
700.546  274.024  231.814  271.823
843.293  215.871  357.052  225.012
705.358  223.218  238.51  221.577
735.459  227.312  264.625  227.362
674.207  267.368  203.93  263.653
797.738  281.199  321.629  281.971
705.996  464.297  222.864  465.526
872.24  308.365  377.896  307.277
737.363  235.082  268.273  235.648
646.817  195.485  171.792  184.925
638.921  319.907  160.17  318.406
706.274  137.019  237.402  134.456
638.416  166.207  164.778  153.053
807.785  287.303  327.505  287.139
726.622  224.964  255.892  224.242
821.554  278.927  340.753  280.384
743.284  227.81  272.867  228.776
663.513  164.009  187.561  153.416
727.864  190.628  257.872  190.858
761.409  268.267  287.483  267.814
601.604  258.014  117.324  249.084
755.595  349.041  280.898  346.329
718.044  220.393  247.48  218.369
681.788  330.711  207.582  329.791
774.662  261.172  301.167  262.157
885.013  154.016  385.56  175.736
814.954  250.286  334.997  254.568
748.634  183.724  277.217  186.67
683.913  340.233  207.225  339.11
728.848  157.95  257.921  158.853
744.901  270.151  273.398  269.242
670.618  289.64  198.695  287.187
753.324  293.229  282.59  292.931
624.342  279.524  145.315  274.58
824.929  228.947  343.217  235.393
604.537  348.582  113.779  350.672
686.692  255.612  217.391  252.102
759.801  297.64  288.932  296.832
801.079  277.673  323.043  278.959
628.926  356.822  143.169  358.581
731.233  226.409  260.538  225.557
699.607  266.63  229.964  263.917
813.289  280.212  331.431  281.169
721.66  283.868  253.159  282.521
695.43  158.958  226.603  155.123
732.628  292.949  262.36  291.446
877.033  310.425  382.27  308.751
802.08  294.46  323.553  293.818
754.218  266.967  282.468  266.647
677.527  419.278  196.156  422.975
796.94  187.145  320.683  195.791
832.926  192.734  348.709  204.177
896.891  275.013  394.818  278.23
775.659  245.866  302.039  247.721
667.854  352.588  191.704  353.431
720.572  267.908  252.767  267.319
720.24  230.803  250.837  229.86
767.128  234.196  293.338  235.783
675.377  224.17  204.73  218.359
761.753  269.155  288.746  268.896
574.696  240.056  83.8638  225.878
781.437  180.601  306.952  187.202
729.552  226.923  258.119  225.653
656.403  184.133  185.472  174.497
723.987  288.894  254.33  287.28
734.672  204.449  264.095  205.123
694.012  283.27  222.964  280.4
921.31  142.978  409.383  169.842
803.945  201.71  329.034  210.564
585.338  295.126  95.4307  290.316
827.262  207.412  345.788  217.184
849.542  248.143  363.147  254.055
622.339  144.291  149.172  126.694
835.103  212.659  352.646  221.993
711.037  139.685  242.192  137.865
735.397  210.13  265.157  210.86
720.11  268.101  251.007  267.161
754.685  522.884  264.419  516.081
650.529  267.556  175.227  261.84
736.12  233.427  266.346  233.108
635.645  165.283  156.836  149.543
745.608  277.408  271.541  276.306
681.872  280.062  212.224  277.911
768.124  232.282  294.514  234.811
882.257  287.644  387.7  289.557
917.666  256.004  410.261  264
672.461  299.885  200.32  297.322
808.755  234.323  332.94  239.897
918.826  310.72  410.168  308.562
751.829  188.323  280.128  191.526
869.851  193.811  377.734  208.926
762.109  288.599  290.133  288.58
697.916  275.812  228.843  273.344
570.178  222.817  75.917  205.323
649.841  196.421  179.279  187.631
897.222  159.021  392.915  180.258
704.778  221.73  236.462  219.732
673.439  162.128  200.063  153.001
776.42  171.977  301.781  178.294
872.048  186.438  378.398  202.556
830.632  229.579  349.92  237.654
733.725  199.521  262.779  199.373
834.423  228.941  349.894  235.711
712.731  140.948  243.898  139.393
570.465  226.456  75.9115  209.533
664.485  292.746  192.415  290.552
759.577  231.16  286.094  232.902
911.452  491.757  397.095  461.712
784.617  257.072  310.631  258.905
829.997  205.296  348.488  214.961
781.059  185.147  306.042  191.916
665.515  181.284  193.628  172.256
808.908  193.294  329.35  201.565
699.276  259.103  228.846  255.907
764.274  288.047  291.389  287.154
624.606  288.82  144.611  284.773
731.217  253.043  261.857  252.837
663.13  464.477  175.527  473.615
599.501  384.618  105.038  392.41
593.065  157.248  107.057  133.961
909.395  267.144  403.415  272.658
757.172  254.116  283.962  254.769
702.315  165.452  235.139  163.274
917.222  309.799  409.54  307.895
667.112  379.633  188.227  381.311
750.726  264.308  279.855  264.007
736.814  243.865  260.628  242.316
785.572  240.34  312.224  244.325
788.328  295.512  317.531  296.059
745.822  324.193  272.673  322.494
696.747  268.974  228.655  266.534
804.333  190.557  325.714  199.437
728.057  306.505  254.992  304.002
782.285  293.515  309.652  293.346
665.83  186.108  195.638  178.614
582.374  339.696  89.4579  342.29
662.752  324.037  186.739  322.312
900.773  502.498  390.606  472.033
799.33  295.347  320.906  294.416
734.624  202.424  263.898  202.354
772.074  294.438  297.563  293.994
786.699  228.475  313.291  233.403
739.54  184.481  268.249  186.238
806.021  290.639  327.101  290.334
718.876  144.925  249.791  144.29
746.409  292.662  269.361  289.683
781.185  226.772  307.225  231.023
730.888  184.236  260.342  185.001
821.481  235.457  340.884  241.019
773.355  332.802  299.56  330.927
659.755  178.965  188.501  169.279
676.717  457.819  190.561  463.076
587.676  295.829  98.4584  291.943
624.948  182.907  141.533  166.003
720.399  139.778  250.543  140.121
727.985  216.685  257.47  216.443
671.793  383.361  191.294  385.248
555.218  224.317  56.0162  205.472
652.195  251.946  178.797  246.385
702.226  267.578  234.17  265.31
720.921  247.795  251.556  246.935
758.113  266.463  287.335  266.583
591.257  136.341  105.789  110.365
722.391  129.812  252.65  130.811
665.836  165.136  190.083  155.131
863.563  206.564  371.32  218.011
731.372  292.372  259.941  290.397
669.831  155.987  200.477  148.138
713.309  242.086  242.735  239.471
720.475  178.319  252.101  178.396
577.385  383.189  74.7655  392.683
689.5  352.204  213.541  351.756
675.124  286.923  204.578  283.982
566.605  259.356  72.8424  248.703
745.763  198.379  274.429  200.521
897.479  311.375  392.898  309.213
666.454  162.543  190.539  152.484
783.63  239.41  309.755  242.269
687.174  440.974  204.203  443.716
681.141  293.615  210.678  291.061
747.451  268.993  275.364  268.841
629.829  167.471  152.708  151.582
665.515  181.284  195.21  173.555
672.63  288.021  200.178  285.493
664.67  192.836  194.666  185.619
733.034  238.082  262.964  237.215
821.335  263.115  342.64  266.459
655.484  276.29  179.837  272.02
625.799  175.491  148.613  159.792
824.005  227.244  343.382  234.814
756.56  527.938  268.139  520.444
832.324  208.796  349.952  218.999
723.757  157.218  253.78  157.75
666.971  319.607  190.171  318.035
562.052  287.245  65.6807  281.579
786.48  257.012  312.36  259.819
820.128  262.816  339.831  265.608
780.768  253.269  308.344  255.357
722.055  288.996  253.089  287.386
760.693  178.169  287.548  181.936
671.414  245.217  204.005  240.869
646.769  131.661  169.201  116.559
688.017  259.199  217.116  256.189
650.22  285.447  176.411  282.407
725.751  211.993  255.394  211.675
660.253  353.144  183.35  353.636
675.588  416.265  193.965  419.159
690.317  331.494  218.33  331.071
675.438  294.932  204.253  292.217
763.761  178.335  291.42  182.799
729.182  205.821  258.35  205.872
664.084  463.697  177.746  471.976
824.084  383.148  341.386  374.986
672.261  267.507  202.01  263.515
598.377  161.875  116.99  141.274
788.971  269.269  314.973  270.561
664.767  312.492  189.872  311.019
673.865  374.633  195.142  376.151
573.187  289.929  78.5746  284.55
781.191  194.477  306.874  200.92
740.343  319.035  266.882  316.397
658.789  189.587  188.03  181.4
766.345  290.663  292.923  290.505
761.27  529.08  272.22  520.468
696.767  511.367  209.692  516.492
563.136  306.107  65.1428  302.816
680.725  255.673  210.121  251.31
770.705  323.902  296.745  322.404
882.757  180.5  386.477  198.786
579.638  261.105  90.6296  250.809
697.33  166.648  229.363  163.616
824.576  223.463  343.614  231.464
554.22  296.659  48.7109  291.247
761.46  291.306  291.018  291.726
885.268  444.358  380.002  422.907
723.14  221.978  252.34  220.137
750.581  267.267  280  266.816
578.758  259.775  84.3894  248.844
899.445  146.789  394.615  170.257
838.295  287.258  353.071  288.81
670.308  417.09  193.661  421.968
808.956  214.619  329.07  220.664
718.63  143.267  249.535  142.497
665.018  295.189  191.849  293.008
727.439  179.747  257.166  180.327
757.16  344.779  280.303  340.77
820.461  264.456  340.311  267.099
766.536  288.303  293.289  288.329
690.024  353.688  214.027  353.37
717.597  283.784  247.157  281.541
701.452  284.606  231.531  282.059
799.143  180.727  322.612  190.427
789.069  319.945  311.28  318.084
660.564  268.193  190.395  265.003
740.59  218.892  270.827  219.217
762.193  281.44  289.866  280.699
806.896  262.776  329.738  265.141
729.892  291.388  259.775  289.618
830.428  368.762  342.002  360.219
781.279  189.231  307.496  196.271
629.853  358.191  145.449  360.113
867.421  228.459  377.907  238.137
865.454  196.697  373.05  210.766
749.889  185.708  278.571  189.057
754.609  219.182  283.159  221.674
853.901  252.079  368.042  259.093
728.234  151.565  259.178  153.386
844.779  204.832  360.651  215.842
892.468  165.812  393.758  186.478
668.225  276.831  195.553  273.668
657.305  332.504  180.889  331.467
684.3  254.201  214.651  250.153
674.705  432.656  191.155  436.505
780.462  179.184  306.268  185.575
752.624  522.932  264.419  516.081
668.814  384.89  189.081  386.424
739.923  179.634  268.669  181.797
605.99  241.865  122.961  231.452
709.612  236.675  241.007  235.322
670.492  139.136  196.348  129.557
657.441  147.453  182.54  135.84
633.838  168.181  156.775  152.725
612.688  356.267  124.649  360.118
599.481  329.413  114.447  330.162
724.599  145.62  254.89  145.603
679.403  337.209  203.816  336.719
546.568  309.739  41.9997  308.361
729.566  227.204  259.695  226.116
650.208  200.826  179.966  191.48
753.872  201.413  282.564  203.461
703.43  131.147  234.59  128.979
825.801  391.684  339.456  381.768
685.334  248.364  215.18  243.991
653.127  281.822  178.565  278.412
815.854  199.132  335.313  207.382
716.271  135.024  248.071  134.18
739.884  328.534  268.025  327.335
572.659  293.437  76.7835  287.311
702.407  169.207  235.275  167.292
727.664  205.807  255.405  205.406
581.237  260.358  91.5368  250.85
661.12  276.998  191.031  274.514
733.578  188.455  262.528  188.295
684.854  256.055  215.196  252.043
664.63  154.273  189.619  144.074
667.352  147.043  191.322  136.684
537.121  139.281  32.1553  100.767
733.926  190.622  263.98  190.77
699.292  256.839  228.42  254.489
576.919  295.983  82.8371  290.493
595.977  155.676  112.782  133.638
743.204  172.833  272.935  174.817
727.132  216.083  257.162  214.854
683.751  245.004  214.343  241.874
597.614  290.196  111.801  286
770.562  289.594  296.688  289.708
687.239  248.118  219.261  245.696
683.002  343.353  207.709  343.165
750.655  257.485  278.393  258.034
687.74  331.579  213.966  330.953
768.073  275.403  294.726  274.882
823.033  217.088  343.237  224.715
699.032  263.36  229.376  260.195
648.228  282.685  173.56  278.075
801.101  175.121  324.737  184.511
658.58  128.834  180.885  115.802
766.865  231.526  293.018  232.873
733.975  232.69  265.598  232.283
718.671  252.976  248.591  251.984
768.008  194.598  294.482  199.539
833.998  245.416  345.642  250.268
929.558  156.854  417.257  183.754
662.642  307.889  188.271  306.453
734.074  315.811  262.572  314.834
671.68  379.042  191.742  380.986
602.82  337.775  115.419  338.828
569.518  342.3  70.0801  345.192
673.898  347.609  197.251  347.903
660.387  177.456  188.431  168.667
767.804  255.104  294.723  256.921
664.517  263.396  192.93  259.756
788.529  199.163  314.14  205.114
675.961  140.356  203.382  130.935
791.997  226.368  317.98  230.8
798.039  205.484  320.774  212.821
816.834  190.182  337.924  199.881
581.335  240.19  92.0665  227.543
721.053  287.627  252.581  285.881
643.658  199.5  173.129  190.672
775.449  213.711  301.466  218.397
790.312  259.744  315.212  261.261
673.841  376.73  195.293  378.665
573.671  276.665  80.6102  269.433
883.574  446.613  378.473  424.805
723.474  214.661  252.885  214.234
756.592  522.138  269.246  514.546
640.496  284.594  166.916  280.439
577.777  374.645  77.3554  383.986
650.326  281.651  175.144  278.175
754.522  264.988  281.306  265.376
848.508  190.338  361.633  202.803
632.402  156.286  154.15  139.221
809.13  289.122  330.481  288.904
730.017  254.299  260.069  252.719
780.923  230.68  306.942  233.505
666.397  263.262  195.199  259.813
684.411  331.53  210.092  330.966
680.97  334.353  206.556  334.062
769.751  231.71  296.384  233.421
737.586  222.25  267.176  223.245
664.005  270.513  192.334  265.865
712.096  241.272  241.522  238.261
747.26  269.591  277.346  268.837
910.215  479.266  397.673  450.296
835.99  244.792  352.166  251.324
781.617  224.37  307.535  229.128
660.467  184.068  189.67  176.019
714.678  261.784  245.781  259.5
670.72  269.256  200.535  265.077
766.806  180.853  293.338  185.031
659.493  182.269  189.265  174.19
677.942  338.389  202.53  338.243
628.264  169.535  151.065  154.807
651.937  325.689  172.59  324.9
792.882  279.244  317.666  279.554
675.663  221.408  205.151  215.115
637.621  314.753  159.163  313.863
715.682  136.942  246.59  135.528
802.333  192.037  323.418  200.746
774.238  242.533  300.733  245.552
554.997  295.816  52.7065  291.238
584.09  296.169  92.6646  292.329
695.276  152.882  226.235  147.839
666.546  172.704  194.856  164.661
728.371  287.483  258.115  285.413
858.856  285.456  369.88  286.631
646.967  196.806  176.402  186.612
651.367  187.589  177.297  177.787
673.943  374.278  196.19  374.742
728.225  267.154  258.733  266.964
726.648  223.851  255.959  222.103
610.001  228.623  128.433  217.288
848.632  309.682  358.636  306.931
668.438  378.718  188.016  380.97
767.433  215.604  293.73  219.354
664.111  155.981  189.029  145.918
788.075  167.444  311.925  175.195
608.156  163.202  127.303  144.392
717.808  226.757  247.898  224.349
643.252  322.159  163.602  321.465
569.582  191.317  77.2109  169.368
718.711  167.991  250.656  168.436
670.643  418.699  191.323  422.75
657.654  130.26  182.462  118.042
712.919  259.928  242.81  258.748
722.759  251.531  253.31  249.521
798.698  265.591  323.014  267.143
735.269  192.147  264.029  191.868
688.486  441.034  205.867  443.278
746.02  297.306  279.909  296.79
656.218  138.104  179.286  125.485
822.996  200.258  342.607  209.299
725.944  253.368  256.152  253.11
596.233  142.623  111.578  117.12
670.181  271.944  199.139  267.583
833.527  238.19  351.164  244.001
769.968  269.52  296.705  269.238
580.606  280.352  88.868  273.94
726.033  205.305  255.405  205.406
834.046  207.099  350.505  217.787
655.487  126.578  178.707  113.358
734.054  216.267  263.625  217.128
800.834  280.089  323.494  281.91
914.81  277.971  407.796  282.494
642.908  162.926  165.774  149.672
916.769  285.727  408.806  288.909
766.67  257.105  293.673  258.913
669.545  142.157  194.42  132.482
930.252  148.041  417.733  175.195
570.488  142.545  75.1454  111.983
550.519  151.446  48.0436  117.835
648.622  264.347  174.63  259.911
689.949  332.891  216.532  332.553
824.904  195.408  343.474  204.924
742.227  247.678  270.613  248.249
723.663  283.129  255.248  281.321
774.652  223.33  300.843  225.81
729.9  294.467  256.92  291.585
781.44  237.439  307.541  239.765
679.061  341.212  204.327  341.473
895.674  311.645  391.683  308.155
872.985  257.131  382.461  264.695
831.258  241.929  348.958  248.787
780.931  186.432  306.585  193.785
835.071  201.787  352.927  211.938
627.422  257.123  146.264  249.718
673.915  536.879  181.223  548.88
698.005  268.647  230.102  265.809
726.755  203.431  256.006  203.671
768.289  272.175  294.848  271.544
566.118  297.199  72.536  294.388
743.044  178.337  272.286  179.684
656.97  128.513  182.781  116.494
763.884  215.48  290.173  218.906
660.093  190.767  189.607  183.262
627.54  275.365  150.177  270.974
688.472  260.098  218.991  256.169
780.457  271.619  306.584  271.742
722.29  534.564  232.971  534.216
662.331  190.699  191.654  181.572
865.249  229.364  375.986  238.333
735.982  209.131  266.031  208.77
740.176  207.821  269.715  207.845
754.608  521.749  267.112  514.31
711.013  285.858  241.524  283.315
720.884  211.14  250.501  210.737
662.345  463.469  176.52  471.778
928.788  271.997  421.017  277.229
723.882  204.787  253.036  204.673
606.142  162.354  124.917  143.227
702.48  174.493  235.409  172.918
579.492  288.956  86.0285  283.753
772.423  290.4  297.88  290.677
756.592  522.138  267.68  513.983
582.348  237.779  93.5597  225.119
651.43  133.322  176.765  120.464
706.024  258.289  238.052  255.566
753.027  202.689  281.487  206.043
760.769  266.144  287.935  265.376
724.503  218.014  254.106  217.936
709.615  282.219  241.385  281.785
786.112  379.625  307.834  374.997
665.509  463.481  179.153  470.965
683.489  346.016  208.287  346.29
921.628  158.27  408.723  183.358
689.492  498.816  202.384  504.175
710.23  234.412  241.711  233.506
751.368  291.565  281.332  290.164
703.146  254.118  235.229  251.155
775.424  284.325  302.326  283.568
629.273  261.258  150.931  255.174
732.784  252.853  261.953  252.933
742.149  225.15  271.46  224.748
561.794  122.247  66.9212  87.484
680.822  419.255  199.268  421.147
615.068  261.553  134.483  254.814
739.853  224.178  269.685  225.692
723.751  138.405  253.87  137.961
736.362  186.693  266.039  186.809
662.274  160.293  188.233  148.653
626.162  254.206  142.884  244
769.392  286.87  295.446  287.393
667.932  300.76  193.437  299.043
626.502  167.919  148.602  152.892
682.309  135.365  210.571  128.909
673.078  345.75  196.178  346.237
682.679  339.187  207.225  339.11
682.578  421.809  202.116  425.885
607.097  242.934  124.578  233.267
785.782  232.748  311.977  235.73
601.423  290.739  113.651  286.317
641.598  268.625  164.983  261.863
746.998  330.645  274.515  329.657
674.243  224.154  203.038  219.449
632.886  317.269  155.126  315.3
564.801  307.479  65.3683  305.475
830.328  293.671  346.723  294.919
844.823  215.959  360.159  224.968
734.857  238.057  265.17  238.961
582.258  341.539  87.7663  345.538
705.905  216.601  238.205  215.533
677.628  379.359  195.444  380.553
630.174  363.828  145.797  365.931
775.501  331.151  301.757  330.03
759.762  214.81  285.854  217.887
658.065  324.354  182.192  322.244
690.675  550.658  197.848  558.976
775.163  165.014  302.035  171.365
673.845  344.184  197.068  344.602
763.039  233.29  289.39  235.932
709.342  495.583  223.948  496.655
857.702  224.936  369.916  235.855
868.719  194.038  374.629  209.044
768.274  293.314  293.73  293.403
726.518  218.113  256.171  218.397
684.382  337.492  209.424  337.432
711.985  138.453  244.034  136.364
791.003  176.733  315.024  183.983
775.831  193.885  301.251  200.098
683.737  492.136  196.448  498.079
735.123  198.461  264.562  197.925
584.218  326.806  89.3907  327.813
580.9  225.264  91.4673  210.538
721.439  505.504  234.977  504.334
546.673  374.189  34.0243  384.697
675.323  142.457  208.153  136.413
695.713  354.141  219.915  354.121
661.398  465.034  176.37  473.73
669.68  138.39  194.598  128.877
597.906  162.825  116.981  143.034
841.446  215.988  357.536  224.676
717.456  133.951  247.154  134.421
809.635  284.979  330.962  284.742
551.491  272.044  51.8522  263.642
698.037  126.08  228.895  123.339
642.694  154.408  166.053  140.98
796.312  319.731  314.416  317.585
910.24  490.492  397.095  461.712
686.697  343.244  210.996  343.227
600.341  332.144  110.375  333.687
774.875  215.145  300.883  220.089
631.165  284.012  149.859  279.677
629.349  360.132  144.652  361.709
674.984  342.992  198.369  343.365
718.998  146.856  250.044  145.514
637.275  292.753  162.239  288.639
656.432  140.983  179.696  128.904
668.095  532.352  175.348  545.279
674.223  221.307  203.038  216.601
733.742  219.833  264.599  221.26
579.773  174.577  91.2521  152.269
644.793  163.345  167.777  150.715
835.98  218.009  352.748  228.138
581.213  154.717  90.8784  129.132
695.553  356.906  219.824  357.107
939.999  158.169  427.561  187.472
771.072  542.815  280.255  531.25
600.383  159.326  117.639  138.939
711.96  212.213  241.417  211.043
646.546  265.623  170.616  258.709
669.325  415.682  189.757  419.246
672.068  377.885  195.293  378.665
721.026  148.42  252.067  147.361
656.81  154.665  181.62  143.803
690.242  248.092  220.821  243.619
632.007  318.547  154.037  316.573
708.128  365.181  231.995  364.862
670.421  376.199  191.214  378.734
707.243  237.23  240.551  236.837
816.919  291.084  339.971  293.611
773.646  278.011  300.146  277.14
726.632  567.036  236.314  566.826
679.307  261.926  208.909  257.149
781.11  218.481  307.472  221.762
661.408  244.886  189.815  240.504
708.697  147.636  246.167  148.793
772.11  167.545  299.081  173.103
761.96  550.256  269.998  540.401
560.243  256.316  62.7354  244.988
852.869  249.09  365.035  254.021
765.12  533.741  275.14  523.496
763.197  533.013  273.118  523.118
829.907  243.292  348.853  248.114
641.676  148.901  164.881  135.023
685.137  277.488  218.749  274.613
847.448  250.107  361.434  254.777
814.535  227.495  334.276  234.708
770.115  169.048  297.511  176.732
793.392  257.096  316.672  258.102
667.742  245.832  196.704  239.551
582.729  241.374  93.4998  227.019
769.534  265.524  296.333  265.027
657.504  197.761  186.846  188.182
645.248  323.861  165.48  323.626
839.178  209.467  352.096  220.001
688.935  164.274  218.952  157.617
778.307  281.697  304.779  280.869
665.648  417.692  186.612  422.048
655.233  347.801  173.97  346.338
705.031  255.348  237.056  252.217
655.713  155.064  178.834  143.633
564.747  259.332  71.0512  247.059
721.638  285.508  252.836  283.137
774.578  162.728  300.818  168.761
614.584  261.358  132.415  254.423
636.313  285.572  163.445  281.213
614.789  167.855  134.016  150.819
679.735  490.069  192.323  496.531
636.457  257.578  160.875  252.29
648.619  328.996  172.035  327.411
662.328  179.652  192.179  172.331
743.463  267.746  269.112  267.572
787.83  260.746  314.042  261.784
763.466  278.775  290.329  277.253
640.008  300.834  163.958  297.041
621.166  345.835  134.928  348.413
738.855  203.218  268.202  202.793
646.002  276.954  168.4  270.432
806.078  189.06  326.533  196.387
647.235  136.722  169.885  122.884
735.413  219.125  264.459  220.374
745.046  172.352  273.962  173.736
749.321  191.187  276.972  194.657
897.58  184.096  392.955  200.182
761.46  291.306  289.42  292.073
615.672  340.62  129.387  343.041
582.374  339.696  88.1794  343.666
689.036  261.772  218.736  257.286
668.35  170.302  194.741  159.741
766.704  310.051  291.725  309.526
776.367  214.809  302.444  220.186
812.469  285.69  332.84  285.102
664.758  314.192  188.507  313.333
568.554  277.162  70.6511  269.605
858.073  285.748  371.667  286.964
834.269  239.457  351.747  247.355
721.795  217.829  251.441  217.902
592.563  285.068  103.102  280.044
823.493  264.013  344.204  266.402
886.271  445.634  380.002  422.907
539.753  161.31  38.2458  129.315
684.993  159.946  215.877  152.749
656.67  148.195  182.406  137.483
686.916  129.951  218.881  125.75
681.656  331.506  206.558  331.494
734.096  251.047  264.989  249.381
665.967  154.433  191.951  145.501
658.211  162.36  182.268  152.07
726.954  538.643  237.176  536.801
640.413  160.343  164.588  144.725
778.817  276.944  305.84  276.408
702.192  270.007  232.572  269.169
679.194  223.456  208.912  216.952
565.884  207.848  70.8678  188.384
796.53  342.081  317.757  339.67
636.165  331.762  154.374  332.576
816.571  188.686  337.551  197.76
722.105  203.946  252.261  204.409
800.037  195.556  323.768  205.042
788.901  252.13  314.586  253.564
667.993  530.588  175.981  543.221
776.661  300.903  297.267  297.213
617.154  252.657  134.972  244.851
582.741  171.184  93.2231  148.641
636.547  168.359  158.458  154.96
759.657  259.098  286.104  260.684
719.123  249.587  249.007  246.539
586.567  254.002  98.7615  244.705
602.436  289.263  115.312  285.151
800.97  173.972  324.494  182.635
696.283  363.617  220.224  364.262
685.542  338.409  210.552  338.694
779.904  336.825  303.492  332.301
621.944  347.026  136.293  350
554.563  160.264  55.6955  130.375
659.772  239.567  189.598  235.432
554.491  226.501  56.715  209.503
717.048  215.642  247.035  215.437
578.511  281.311  84.5176  275.189
713.161  244.9  243.947  244.56
708.156  211.513  237.152  210.115
618.685  344.375  131.658  346.992
877.251  226.058  385.542  235.927
817.039  240.803  337.25  244.492
754.107  262.598  282.285  264.184
674.369  202.377  203.73  197.424
741.041  179.372  270.999  180.005
614.74  254.925  132.463  247.402
548.521  276.32  46.5871  268.785
688.505  143.538  220.609  136.926
736.203  183.497  265.689  183.137
666.899  530.644  174.21  543.378
713.152  250.696  242.082  246.899
593.951  343.155  100.979  346.835
815.705  224.296  335.855  232.377
665.967  141.024  191.448  131.572
792.77  293.286  316.884  291.698
695.487  168.159  227.654  162.866
832.005  193.39  353.299  204.405
596.186  267.184  112.026  260.897
774.72  184.746  300.623  188.919
790.624  175.458  314.999  182.4
631.436  144.636  149.805  127.777
767.502  203.956  294.499  209.321
583.008  225.371  93.4964  211.157
635.056  293.17  160.522  288.876
594.102  172.992  105.88  149.262
804.763  175.561  325.855  183.855
781.464  204.974  307.286  211.824
763.771  550.752  271.366  540.053
584.128  148.645  94.55  123.205
628.939  278.578  151.369  272.004
654.01  137.247  176.578  124.82
799.832  278.269  321.699  280.668
666.015  357.217  190.65  356.866
687.578  136.457  219.655  132.694
663.148  440.936  181.413  446.994
678.898  220.954  208.334  214.053
890.739  445.407  383.337  425.211
673.925  212.546  202.925  204.762
594.395  161.345  112.325  141.125
821.582  197.55  342.123  206.15
833.324  220.619  350.705  230.723
619.273  344.192  133.724  347.263
537.716  135.115  32.2756  96.704
833.028  243.317  349.809  250.735
575.425  368.938  74.5892  378.341
819.097  194.839  340.654  203.604
782.419  194.317  308.875  202.34
672.737  169.9  199.025  159.545
746.767  174.872  275.888  176.119
824.001  236.339  343.456  240.88
618.921  246.109  135.496  237.479
660.29  439.787  176.997  445.811
572.014  298.716  75.6699  292.468
739.315  183.054  269.154  183.06
779.173  166.58  305.739  172.786
608.266  249.856  123.498  241.148
749.598  236.292  278.68  235.496
657.028  274.701  187.799  273.317
755.211  200.422  282.393  204.552
673.941  216.332  202.87  208.578
552.158  160.945  46.2582  129.125
740.227  198.944  269.049  198.233
891.803  457.325  387.308  433.052
685.211  227.617  217.388  225.544
793.775  339.954  310.885  333.437
864.968  238.086  374.903  244.782
796.796  195.119  317.149  203.48
679.169  274.317  206.568  268.948
628.551  239.755  153.055  233.019
582.884  141.634  98.2736  113.231
783.631  185.182  309.597  194.009
712.836  240.023  243.878  240.009
741.606  227.532  269.982  229.482
632.639  254.572  138.884  240.882
746.733  198.955  274.345  202.225
666.777  294.367  193.113  293.223
622.748  359.979  136.927  364.887
581.327  240.808  92.035  229.327
612.883  237.649  130.652  228.316
850.982  251.809  366.887  256.669
878.323  204.473  371.31  216.429
688.127  247.13  219.119  242.009
655.842  152.458  180.334  141.88
712.248  237.672  243.384  237.675
675.488  382.878  195.011  385.714
689.06  265.056  219.52  264.008
581.403  245.259  92.2943  234.594
673.77  286.39  200.709  284.976
749.341  525.262  261.845  518.051
666.436  137.903  191.252  128.529
646.251  260.965  172.782  257.319
540.764  209.47  37.1702  183.79
654.347  127.275  175.692  114.31
780.786  184.976  304.582  192.826
784.644  277.333  312.274  280.577
690.831  267.654  220.059  266.459
883.81  179.323  383.669  198.172
758.239  551.249  267.909  541.941
895.705  159.174  391.474  178.595
784.135  240.496  307.544  241.13
763.831  532.747  275.024  522.359
760.028  550.919  269.44  541.138
702.312  126.819  233.356  125.721
739.799  246.626  267.678  244.142
655.842  152.458  178.445  141.401
672.937  382.049  192.513  385.204
664.741  135.945  189.161  126.181
769.058  309.59  294.548  309.895
810.798  246.868  331.932  249.107
725.78  536.665  236.517  534.58
825.813  193.867  347.465  203.518
774.584  282.165  301.168  280.396
774.742  183.384  300.776  187.261
792.84  167.375  318.243  175.252
678.097  216.351  207.446  208.82
695.91  225.456  227.947  220.476
639.441  152.645  163.118  139.587
658.859  144.825  184.369  134.838
802.819  188.625  321.56  194.26
757.87  260.257  284.533  262.298
750.494  204.53  278.103  204.29
798.282  277.304  320.253  280.112
638.318  508.711  142.568  525.721
581.592  166.352  91.6803  143.481
642.015  161.294  166.191  149.385
594.538  248.458  105.886  238.687
607.938  254.615  124.419  247.203
638.873  298.917  163.864  294.488
638.485  331.679  156.397  332.876
791.382  195.932  309.714  203.138
884.751  193.271  389.487  211.764
702.91  274.423  234.711  274.746
757.099  523.658  269.246  514.546
615.322  161.589  134.877  144.883
751.306  264.235  279.421  262.02
782.159  253.333  308.634  253.626
773.586  342.951  295.447  337.052
565.235  261.716  70.9633  248.907
721.261  233.749  251.405  234.505
646.11  137.712  168.703  124.52
630.195  367.493  143.49  372.593
688.652  240.589  220.429  239.405
561.572  368.579  51.5248  378.595
812.404  203.569  328.438  208.355
756.093  170.07  284.651  172.379
708.372  219.369  237.079  218.597
687.844  543.948  196.739  551.758
644.259  196.892  173.988  189.448
620.548  162.027  139.793  146.008
563.349  286.208  65.6807  281.579
759.323  291.469  287.728  288.809
581.567  212.275  92.7772  196.782
636.425  190.565  151.823  173.395
773.202  279.856  299.792  277.906
594.425  370.871  96.9396  378.876
815.687  238.171  337.658  241.752
809.626  244.997  330.065  251.195
814.279  209.871  333.789  215.255
686.349  543.535  195.329  551.693
814.673  255.789  334.635  257.034
740.583  341.944  268.741  342.221
765.254  193.429  292.938  199.948
580.837  192.82  90.9647  174.019
562.273  120.207  67.6151  86.4886
596.298  260.897  111.955  254.319
762.849  216.529  289.16  221.106
879.499  224.952  387.991  234.615
802.613  175.096  324.494  182.635
738.011  220.492  267.428  223.028
750.344  261.549  280.26  259.688
873.851  250.712  380.15  259.733
714.475  564.97  223.448  566.822
883.424  223.061  393.459  233.996
648.351  262.766  175.452  259.94
657.706  140.175  181.769  129.687
655.075  184.007  184.921  177.091
751.99  253.091  280.017  255.636
571.15  266.268  75.0326  258.001
625.542  347.106  138.948  350.35
737.526  296.193  281.107  296.557
854.789  191.08  358.696  200.126
652.665  239.842  182.382  236.235
656.178  147.028  179.046  136.316
769.831  271.508  296.577  269.586
638.883  158.37  164.264  146.545
876.157  292.808  382.404  296.402
601.209  338.534  115.511  338.612
781.437  180.601  307.217  185.221
567.893  131.064  72.4151  99.8521
714.097  559.447  223.474  560.978
654.552  146.781  179.046  136.316
763.998  532.313  273.383  520.975
609.607  358.511  119.225  364.288
727.952  568.769  236.314  566.826
577.175  298.166  82.8744  296.021
658.712  149.165  183.048  139.425
550.721  274.834  48.2469  267.615
562.273  120.207  65.4698  86.0562
726.866  565.479  235.888  563.744
676.121  334.49  201.445  336.073
720.802  562.965  230.056  562.776
799.501  260.338  325.749  261.264
799.97  218.145  324.05  226.843
707.345  246.356  239.528  247.019
661.627  200.164  192.01  190.18
579.523  383.5  78.1345  395.823
662.739  273.768  191.142  267.593
608.716  253.084  124.854  245.828
580.168  209.369  91.245  193.631
666.374  247.308  198.654  245.668
824.542  210.361  342.067  221.264
632.831  154.412  152.135  139.749
693.583  265.218  216.818  263.032
657.538  260.272  183.017  257.226
701.018  217.686  226.333  215.59
927.794  478.852  416.246  447.63
640.059  141.406  163.965  128.322
719.577  200.311  249.427  201.577
819.872  186.999  340.23  195.44
648.457  162.311  169.791  151.034
685.991  542.462  194.658  550.191
550.271  175.517  48.9338  148.484
754.01  208.084  281.303  212.635
843.437  202.351  357.429  210.879
574.318  297.103  78.2657  294.693
546.496  308.024  39.7395  307.673
830.065  244.467  345.93  252.111
764.679  548.177  273.952  536.592
709.659  498.497  223.843  498.056
586.822  261.516  99.6645  254.801
687.999  230.996  217.359  229.382
595.566  284.398  119.114  278.599
739.03  208.936  268.246  206.931
774.713  167.515  300.879  171.775
760.534  189.712  285.77  195.529
692.893  536.893  202.642  542.27
663.074  253.516  191.707  251.298
644.331  257.302  171.691  254.41
674.743  215.318  203.59  212.001
738.874  223.763  268.228  226.789
699.222  215.718  227.367  214.473
774.808  269.617  301.173  267.671
654.834  364.211  179.189  364.235
714.9  567.094  223.08  568.311
620.157  162.868  139.734  147.605
634.519  281.569  159.282  274.661
851.892  295.127  363.705  298.381
626.343  270.066  149.364  267.139
686.252  238.807  217.527  238.021
664.34  540.057  169.764  552.972
714.587  203.661  244.492  204.643
592.979  273.795  107.417  263.816
545.272  290.072  41.0332  286.651
601.873  352.951  110.71  359.13
706.771  200.709  235.822  200.575
747.525  184.931  277.842  184.969
724.988  211.561  254.875  213.689
672.016  312.304  200.959  308.245
696.833  375.201  219.833  377.614
637.652  139.434  161.21  126.165
827.102  195.234  347.465  203.518
769.193  259.678  296.063  257.689
766.329  316.519  284.495  315.586
537.434  137.33  32.1553  100.767
581.013  192.711  92.5552  175.137
673.214  132.779  200.853  120.402
668.284  244.053  197.217  235.889
805.566  245.563  330.911  247.438
657.845  142.324  181.807  132.681
708.697  147.636  246.167  148.793