1486
734.891  218.39  264.643  218.468
822.098  260.992  343.883  264.299
689.165  244.675  220.707  241.454
845.259  411.083  351.312  398.619
676.008  343.575  200.242  342.562
676.982  155.811  203.192  147.379
664.812  177.387  193.955  169.217
668.253  130.766  191.69  118.873
822.503  233.716  342.18  239.397
676.536  220.191  206.284  215.095
733.316  230.073  263.304  229.809
823.411  328.508  338.832  324.762
570.116  283.253  75.5357  276.387
593.223  341.59  103.06  343.226
602.169  240.007  118.481  229.281
725.209  155.091  256.628  155.461
652.596  122.842  175.094  107.6
827.53  271.46  344.641  273.42
709.532  283.079  240.612  281.05
628.47  319.037  149.597  317.449
866.542  336.054  374.974  330.817
768.311  230.031  294.073  232.013
760.995  166.313  289.477  171.031
581.257  212.602  90.4733  195.735
705.339  134.501  237.27  131.85
869.545  229.055  379.483  238.255
668.452  305.509  195.278  303.029
740.963  209.594  270.588  210.456
792.584  169.417  316.161  177.497
691.795  269.299  224.471  266.739
663.974  294.95  191.504  292.033
720.173  161.432  252.93  161.402
734.702  229.983  265.091  229.94
599.965  262.927  117.597  255.034
671.158  286.97  200.172  283.944
725.798  288.904  255.652  287.191
732.907  232.289  262.957  231.988
687.055  165.383  217.852  160.083
561.387  172.427  68.1311  147.015
685.96  245.954  216.478  242.373
766.608  315.112  290.554  312.719
588.228  260.944  100.801  251.799
778.599  274.279  303.365  274.469
631.474  270.903  155.508  265.477
720.716  279.763  254.152  278.38
695.112  159.26  225.429  154.727
580.807  167.698  91.4436  144.413
642.664  282.362  168.445  278.249
595.013  281.983  112.571  276.272
709.767  239.14  242.965  237.473
636.539  284.077  161.073  279.864
678.422  348.153  203.069  347.184
753.371  268.257  281.576  267.871
754.907  275.07  282.656  274.429
855.124  226.501  368.222  235.03
706.361  238.827  239.711  236.939
672.673  142.635  205.214  135.04
591.426  263.251  105.127  254.723
782.059  335.891  303.325  332.195
587.393  283.314  98.4001  277.054
675.317  232.676  205.892  228.01
657.428  321.802  182.292  320.083
781.806  257.415  310.133  259.245
706.758  217.478  237.653  215.112
734.542  200.942  264.243  201.277
901.497  412.486  394.501  395.634
701.427  127.761  233.601  124.51
888.114  385.496  386.568  373.159
690.986  230.303  220.906  226.713
683.181  251.826  214.128  248.389
844.639  416.664  349.018  403.905
734.947  292.88  262.439  291.032
698.072  253.755  228.982  251.161
697.328  281.401  229.445  279.188
867.45  336.716  370.884  331.327
682.438  343.599  206.5  342.327
708.693  238.335  241.567  236.513
697.211  255.045  228.161  252.427
676.726  346.873  201.126  346.032
560.503  274.324  62.8856  265.646
701.58  255.122  232.95  252.802
824.351  269.84  343.532  272.109
683.844  237.023  213.581  232.913
602.533  296.98  115.14  292.882
869.105  321.664  374.737  318.157
707.51  248.222  239.025  246.244
761.896  280.632  290.215  280.05
695.279  133.985  227.25  129.71
624.092  274.581  145.527  268.899
823.508  185.73  342.462  196.047
604.716  248.977  120.017  239.211
860.902  403.888  363.667  390.994
742.91  245.503  273.026  245.691
829.298  348.616  342.486  342.766
660.84  267.43  189.008  263.064
812.6  382.07  327.324  374.196
659.58  189.347  188.694  181.096
661.705  159.323  186.645  148.521
673.435  285.806  202.363  282.842
629.603  271.748  153.013  266.327
603.96  240.166  120.706  229.515
688.169  162.252  218.868  157.062
636.65  299.248  158.995  296.118
735.743  241.261  261.293  240.093
811.017  169.787  332.394  180.081
683.769  234.907  214.123  231.012
735.453  294.115  265.537  292.602
647.046  307.634  172.16  305.278
772.26  293.2  302.84  292.611
825.335  196.305  345.481  206.229
718.164  148.534  251.062  148.433
683.651  158.329  213.669  152.206
675.401  360.121  198.525  359.948
680.392  350.773  204.448  349.785
695.229  187.864  226.054  184.142
680.407  345.877  205.151  344.694
544.102  142.357  38.2024  106.279
833.419  380.815  344.703  371.702
625.771  173.106  147.853  158.191
824.374  187.044  342.415  196.903
689.776  161.919  220.636  157.011
732.904  207.186  262.393  207.339
739.747  293.257  269.508  291.847
591.225  265.898  105.318  257.594
746.602  264.473  277.216  264.124
801.33  254.081  324.871  256.714
777.942  325.12  300.177  322.046
677.092  215.084  206.617  209.927
745.501  322.538  270.697  320.124
783.403  257.373  310.133  259.245
800.278  295.851  322.204  294.903
885.384  288.922  389.979  290.344
660.5  291.462  187.783  288.408
836.688  293.754  352.837  293.806
685.688  253.185  216.473  249.947
680.174  130.587  208.049  122.053
866.075  376.993  367.091  367.167
777.34  164.417  303.014  170.841
788.994  241.768  314.852  245.008
701.315  243.082  233.468  240.59
648.602  510.349  155.22  525.582
660.538  157.972  183.737  146.628
657.147  360.922  180.181  361.652
844.396  213.024  360.629  222.753
733.628  217.379  263.121  217.429
629.746  166.252  151.961  151.436
587.185  299.672  93.6131  295.617
826.658  227.416  344.861  233.708
706.448  255.336  238.269  253.144
745.439  192.354  274.786  194.308
717.603  142.44  248.958  141.787
728.515  176.624  258.617  176.916
707.594  139.096  239.84  136.812
728.089  154.782  260.166  155.682
896.254  324.831  397.719  320.961
786.108  293.462  311.376  292.566
589.266  298.373  99.3931  294.336
707.013  518.069  220.364  520.948
674.415  221.944  203.98  216.842
641.47  282.394  166.338  278.28
695.916  164.323  226.07  160.134
699.19  254.756  230.238  252.327
581.897  234.949  92.8392  221.855
605.462  290.634  120.723  286.027
695.237  176.528  225.579  172.526
686.205  247.023  217.273  243.744
800.383  263.939  324.035  265.991
654.611  119.924  177.783  105.216
761.6  266.82  289.078  267.016
890.376  401.696  387.629  386.838
844.287  198.737  359.982  209.972
633.241  273.035  158.004  268.021
686.3  242.921  217.315  239.243
722.395  286.981  253.02  285.09
695.697  219.603  226.204  216.415
773.79  166.434  301.145  173.005
798.478  294.811  319.683  293.798
808.458  278.736  328.87  279.604
751.298  288.183  280.618  286.93
683.803  253.295  214.558  249.998
810.421  381.861  325.676  374.187
758.8  260.54  285.3  260.739
801.975  296.74  324.596  296.093
649.794  185.002  176.237  174.711
681.784  255.578  212.564  251.912
646.411  275.216  171.301  270.749
564.632  283.22  65.9545  276.142
808.809  357.175  325.794  351.131
816.397  242.09  336.419  246.65
563.538  281.386  64.7379  273.63
719.704  145.721  251.028  145.07
787.201  311.146  307.788  309.124
649.451  262.957  182.719  258.427
772.254  187.418  298.278  192.252
822.28  190.465  343.039  200.403
791.342  286.65  315.196  286.585
868.475  227.196  378.361  236.705
723.927  216.932  254.455  216.332
711.564  138.659  243.011  137.086
702.577  159.013  232.598  155.694
622.167  166.14  144.224  150.453
686.841  255.269  217.188  251.774
753.857  205.124  282.765  207.216
855.414  400.691  362.871  388.332
785.586  257.088  311.861  259.128
788.906  256.659  315.055  258.553
842.154  335.163  354.078  330.276
656.685  471.714  168.045  481.582
674.633  356.364  198.354  355.749
549.939  151.102  44.7234  117.279
758.232  298.19  295.596  297.555
607.446  258.671  125.384  250.746
894.079  352.087  394.007  343.837
788.262  223.63  314.138  228.168
742.67  217.503  272.512  218.582
689.248  259.197  219.922  256.33
590.917  246.613  105.84  235.79
536.13  133.029  29.2223  93.936
739.378  278.037  267.076  276.533
708.66  262.548  239.949  260.334
620.597  366.042  133.403  369.19
664.365  270.115  191.07  265.73
887.358  369.723  387.14  359.656
703.27  168.94  234.349  166.161
764.729  335.768  287.218  332.277
778.402  242.213  304.525  244.683
655.51  201.753  184.847  193.691
581.276  237.427  91.9643  224.684
816.781  314.022  327.429  311.582
651.768  240.47  181.569  234.344
836.669  211.434  354.637  220.433
688.898  232.901  220.542  229.667
721.73  289.473  252.026  287.454
759.675  290.188  291.115  289.203
742.451  320.449  269.194  317.826
682.014  345.837  206.628  344.921
661.705  159.323  185.044  147.906
671.543  450.336  182.585  456.422
840.083  248.549  356.028  253.839
717.056  282.728  247.452  280.647
877.8  378.541  378.922  367.371
732.457  234.854  262.669  234.241
726.017  298.455  254.411  296.257
660.013  479.425  171.597  489.352
794.797  313.904  326.501  312.239
665.203  272.308  193.503  268.647
746.433  259.438  277.219  259.172
673.518  266.183  203.516  262.765
578.981  257.147  87.3052  246.929
732.312  239.237  263.225  238.64
655.704  274.912  184.212  271.11
748.845  268.81  279.702  268.782
604.022  161.406  122.45  141.699
692.045  263.37  223.163  260.336
710.367  247.676  241.819  246.022
668.267  506.321  177.694  516.892
804.755  322.783  324.393  319.982
844.435  356.536  354.776  349.722
860.766  222.875  373.096  232.151
753.225  274.65  282.656  274.429
866.051  197.522  375.71  210.053
760.713  163.66  288.524  168.501
836.629  375.239  347.836  366.826
666.327  179.67  195.202  171.462
651.221  192.194  180.441  183.1
924.79  126.594  412.833  153.202
763.783  280.298  291.737  280.092
637.164  277.887  161.373  272.897
710.196  137.288  241.603  135.537
858.334  229.301  372.552  237.891
809.889  288.837  330.749  288.531
861.996  322.007  370.696  318.873
569.021  171.08  75.1015  146.285
698.68  259.126  230.327  256.396
636.262  264.839  161.445  258.916
848.414  339.711  355.439  334.16
720.755  216.524  251.602  215.773
679.676  333.925  204.367  332.702
779.743  351.918  299.734  347.193
756.032  341.297  277.872  337.749
680.363  347.797  204.675  347.062
658.705  153.536  182.54  142.007
768.131  228.157  293.707  229.919
704.726  256.144  235.921  254.171
737.568  237.134  267.822  237.375
691.23  336.9  219.432  335.485
673.793  452.853  189.006  458.427
735.309  206.163  265.245  206.313
768.285  270.534  294.872  270.891
700.718  271.962  231.79  269.888
661.723  274.316  190.596  270.743
685.176  264.531  215.664  261.101
718.615  249.41  249.758  248.259
592.925  275.485  107.659  268.914
811.448  314.824  323.633  311.882
766.878  167.417  292.891  172.531
888.896  285.629  392.029  287.7
820.383  354.704  335.633  348.907
667.008  269.56  196.734  266.049
665.423  292.674  192.632  289.349
850.344  213.534  363.816  223.449
867.792  222.382  378.388  232.134
661.31  275.915  189.363  272.338
602.532  150.885  121.721  130.519
816.715  221.073  335.728  226.879
779.059  327.965  300.997  325.115
704.386  161.429  235.674  158.297
770.577  278.922  296.779  278.914
826.931  335.332  341.015  330.593
683.111  243.803  213.305  239.684
878.358  346.886  381.007  340.303
659.385  190.613  188.658  182.832
606.658  273.211  124.663  266.999
677.473  477.175  189.856  483.628
729.038  155.842  261.398  156.796
701.162  264.902  233.015  262.911
791.086  284.461  315.069  284.674
659.408  296.189  186.308  293.514
676.433  261.007  206.288  257.588
683.797  239.205  214.61  235.702
591.425  336.947  100.129  338.314
771.003  267.325  297.51  268.009
743.877  264.495  273.903  264.342
853.732  212.529  368.243  222.673
590.254  264.363  104.856  256.296
793.492  316.464  314.454  314.258
702.845  173.412  232.989  169.83
736.383  179.077  265.647  179.713
545.368  173.678  40.5691  143.897
662.322  295.269  189.977  292.031
776.63  285.579  305.961  285.723
903.803  384.921  397.459  371.553
585.09  285.324  96.0974  279.056
697.34  256.68  228.432  253.725
586.991  121.131  99.4117  92.0583
711.584  244.114  243.767  242.744
665.438  192.575  194.568  185.509
743.993  268.348  273.884  267.442
593.696  470.356  90.5442  492.087
652.919  132.522  175.396  118.359
627.625  155.312  148.999  139.185
721.769  283.787  253.172  281.83
858.328  392.837  363.431  380.919
803.446  299.992  328.736  299.445
836.452  371.669  347.334  363.094
635.436  164.625  157.87  149.938
797.052  169.365  322.187  179.006
774.012  285.49  302.388  285.476
701.9  128.825  234.281  126.024
697.205  177.227  227.425  172.968
658.083  187.673  186.68  178.797
726.322  216.307  256.143  215.942
737.794  239.706  268.584  240.05
823.531  271.394  342.879  273.74
822.326  262.553  342.337  265.126
683.465  481.129  197.234  487.156
816.082  217.269  335.213  223.318
570.968  139.064  77.2488  108.659
696.073  229.001  227.753  226.379
648.941  194.149  178.532  184.939
608.425  371.364  110  377.021
668.418  399.268  187.576  401.96
775.181  284.215  302.625  283.571
722.934  249.459  254.228  248.668
566.951  282.098  70.1041  275.168
760.974  264.598  288.489  264.373
655.578  179.887  183.954  170.23
866.458  221.47  378.388  232.134
793.227  167.753  317.542  175.916
582.598  282.203  90.4246  275.864
718.325  138.591  249.775  137.611
683.522  244.971  214.133  241.617
740.92  318.389  266.482  315.655
548.623  266.751  44.7991  256.158
757.848  164.323  285.8  168.841
881.068  366.057  381.247  356.27
564.756  205.823  71.1027  186.583
830.987  399.665  340.747  388.859
705.492  221.295  237.409  219.459
795.871  213.417  319.933  219.295
671.407  158.009  196.133  148.079
768.221  280.032  295.136  280.019
604.514  259.301  121.125  251.356
695.557  178.667  225.927  174.977
626.298  265.836  147.823  259.875
828.327  192.943  347.379  202.849
822.691  182.724  341.963  192.826
724.43  288.462  253.997  286.301
597.249  356.46  106.153  359.571
650.829  515.665  157.545  530.679
725.533  218.237  255.338  217.056
643.788  331.8  167.362  330.606
670.999  304.542  197.372  302.407
746.001  276.326  270.431  275.354
865.039  310.385  371.02  308.731
651.534  250.682  178.508  244.54
665.721  261.912  195.035  258.086
790.01  165.509  313.597  173.815
694.249  257.126  223.942  254.531
735.251  196.018  264.425  196.858
620.673  369.999  133.298  374.158
828.42  194.638  347.371  204.338
717.665  251.573  248.5  250.417
768.838  253.088  295.608  254.533
826.86  260.867  345.603  264.457
681.238  291.99  210.277  289.69
716.942  139.798  248.378  138.518
863.075  311.187  371.02  308.731
697.602  208.27  228.374  205.397
651.696  275.754  177.082  270.951
646.932  483.823  156.313  495.962
776.352  223.73  302.523  226.505
632.299  255.959  157.096  249.804
758.944  317.256  287.345  315.349
747.274  268.904  277.59  268.906
565.234  282.951  67.5266  275.334
628.99  167.504  151.417  153.061
719.451  149.946  251.882  149.353
834.751  197.3  352.362  208.097
801.326  359.4  318.949  353.25
687.508  259.204  217.799  255.594
663.607  155.367  188.242  144.153
698.261  273.738  228.601  271.655
805.831  234.962  329.481  239.281
661.038  306.823  187.49  304.801
570.428  288.371  75.3365  281.876
786.638  361.684  304.857  356.862
669.653  512.342  177.932  523.229
825.38  234.19  344.417  239.558
723.838  181.415  255.952  181.019
691.369  338.363  217.033  337.149
666.851  396.814  186.58  398.674
787.591  255.373  313.795  257.893
822.759  321.665  336.996  318.942
794.142  169.466  319.44  177.891
612.595  251.243  130.109  242.876
742.198  186.597  271.137  187.619
605.612  280.381  123.426  275.072
766.717  163.689  293.121  169.232
790.813  314.42  312.163  312.488
667.193  214.446  196.957  208.785
611.142  298.654  127.286  294.479
831.146  377.592  342.197  368.646
692.933  153.452  223.403  148.129
834.095  399.988  346.002  389.379
672.905  217.901  202.396  212.807
750.605  182.067  279.484  185.22
658.792  474.842  170.613  483.888
691.473  287.027  221.462  284.923
717.967  216.555  249.716  215.909
684.305  156.857  212.865  150.677
644.844  281.289  169.453  277.443
686.198  274.665  215.713  272.116
556.3  223.383  57.0865  204.84
833.197  371.132  345.868  363.428
920.169  322.266  409.888  318.781
865.356  324.808  376.035  321.542
828.65  215.252  344.253  222.937
601.213  261.004  116.826  252.227
665.116  397.911  184.825  399.946
723.989  281.953  254.504  279.877
792.381  170.977  316.082  178.471
767.278  224.692  293.507  227.399
846.873  334.989  357.451  330.675
700.85  260.755  232.234  258.819
789.638  161.913  313.242  170.466
882.931  311.961  386.893  310.312
709.524  280.637  240.956  279.108
652.305  252.45  178.363  246.259
754.383  264.369  282.658  264.7
777.989  239.389  303.891  242.211
665.396  184.45  194.442  176.189
722.141  145.477  252.105  145.426
800.043  277.247  323.584  278.497
693.997  152.81  226.507  148.26
773.545  283.838  299.962  283.855
606.309  288.655  123.23  284.253
758.075  256.066  284.399  256.676
684.366  231.229  213.627  226.527
672.622  303.063  199.135  300.956
689.754  287.14  219.628  285.019
726.625  209.983  256.051  209.779
702.915  264.533  234.423  262.745
781.985  256.114  308.099  257.301
681.763  270.868  211.853  268.156
775.194  327.986  296.398  325.347
742.668  187.033  271.727  189.055
774.565  325.649  297.935  323.172
544.746  134.161  38.8  96.8528
722.965  143.519  254.286  143.117
824.923  226.649  344.072  233.64
870.099  383.07  372.865  372.417
602.787  298.474  116.683  294.086
559.345  125.056  61.8298  90.4513
665.327  144.838  189.781  134.133
789.193  321.991  311.055  319.61
728.886  250.353  259.704  249.987
767.217  258.273  293.985  259.43
641.736  283.909  166.193  280.21
802.317  246.658  327.193  250.798
825.754  270.799  344.641  273.42
710.965  186.737  242.762  184.536
679.224  268.875  207.722  264.892
876.196  341.25  379.055  334.699
606.18  269.567  122.711  262.008
889.072  322.07  392.33  319.014
782.509  176.342  308.201  182.515
703.088  274.384  233.739  272.582
847.974  336.316  357.258  331.873
874.392  341.509  377.773  334.955
665.234  360.358  187.723  361.076
719.985  176.588  252.223  176.71
779.769  329.029  302.781  326.32
757.89  166.639  285.904  170.213
576.1  257.66  81.3986  247.335
695.629  153.122  226.507  148.26
722.795  296.791  250.824  294.27
825.022  279.544  343.641  281.234
785.628  255.466  311.855  256.929
665.515  168.145  195.025  160.236
843.514  210.797  356.484  220.217
621.044  286.426  140.38  282.199
763.734  314.237  285.855  312.34
706.064  168.585  236.28  165.207
657.414  152.562  181.027  140.975
735.886  236.743  266.01  237.075
591.53  344.647  96.5706  347.352
658.95  290.87  185.513  288.096
683.632  348.792  207.283  348.237
760.2  281.852  287.568  281.64
849.35  336.61  358.901  332.127
794.361  278.379  318.766  278.415
781.754  225.796  307.833  229.894
859.391  392.238  365.292  380.012
575.324  330.11  82.162  331.11
686.167  482.112  199.287  487.069
594.389  239.494  108.913  228.561
798.547  222.596  321.525  227.987
615.474  292.953  131.892  289.144
816.95  244.041  336.529  247.697
680.224  163.16  211.12  156.334
858.866  312.543  363.666  310.632
665.907  310.188  193.043  307.422
776.235  210.353  302.345  214.817
667.684  466.545  179.371  473.708
740.463  200.669  269.559  202.139
799.013  313.854  315.396  311.895
725.84  219.526  256.176  219.387
827.961  209.025  344.385  216.429
852.904  243.211  366.166  250.099
765.976  347.298  286.136  343.001
590.798  275.58  106.475  269.319
846.208  213.179  359.9  222.908
641.292  274.951  165.437  270.621
775.746  261.966  302.067  263.43
713.945  479.488  229.4  480.459
663.062  292.025  190.067  289.435
750.632  255.584  279.236  256.164
782.031  254.51  308.086  255.722
684.83  145.231  209.649  137.626
697.329  267.059  229.306  264.099
719.807  170.046  251.816  170.189
649.95  123.824  173.226  109.09
813.78  177.57  335.38  187.257
734.576  198.134  264.009  199.073
692.347  281.853  220.488  278.541
724.853  277.052  256.965  276.23
686.086  257.168  215.131  254.235
603.96  240.166  119.139  229.919
667.465  393.47  186.892  396.1
651.283  118.817  173.39  103.511
771.468  166.683  298.349  173.119
680.839  343.204  205.736  341.474
667.314  222.489  197.063  217.297
671.523  309.875  198.624  308.155
632.674  256.544  158.544  250.732
600.862  259.308  114.978  251.129
635.753  291.357  158.281  288.057
650.971  515.935  156.602  532.252
794.166  267.539  318.738  268.363
558.158  289.359  60.6295  282.642
635.677  166.265  157.73  152.543
622.152  255.567  141.667  248.44
742.115  234.68  272.509  235.673
658.572  262.29  186.073  258.141
649.794  185.002  177.695  175.82
654.158  275.592  180.891  270.82
772.183  289.569  300.021  289.441
688.056  360.907  210.912  360.65
646.722  280.989  171.218  277.282
787.242  345.66  308.413  341.841
896.745  359.426  393.863  349.734
751.401  266.593  280.614  265.778
689.548  245.785  220.72  243.119
618.192  176.475  137.534  159.891
767.84  164.87  295.686  171.149
666.648  143.715  197.388  135.308
689.834  231.458  221.011  227.394
767.635  167.88  294.392  173.634
685.185  240.492  216.009  236.238
663.529  178.533  190.638  169.137
673.662  224.758  203.282  220.149
847.433  247.663  363.459  252.908
734.227  310.04  261.89  308.483
861.364  187.988  366.854  199.333
803.186  168.721  325.85  178.901
608.986  259.971  127.528  252.704
589.148  285.586  99.3429  280.232
595.198  333.142  105.051  334.174
661.057  444.422  176.819  451.276
733.352  180.68  262.909  181.877
646.751  327.479  166.327  326.858
700.746  270.261  231.151  268.412
742.703  178.75  271.452  181.034
599.106  259.977  113.428  251.881
739.152  208.9  267.395  208.686
623.807  166.231  145.28  149.782
877.623  261.933  382.996  266.053
674.12  225.211  204.846  220.878
794.346  167.045  319.442  175.443
602.863  289.606  112.709  284.924
848.812  312.363  356.093  310.556
758.811  293.742  277.626  292.393
701.368  244.589  233.39  242.806
851.003  390.838  357.388  379.345
904.055  379.296  396.876  366.537
802.655  352.205  322.699  347.451
587.435  286.861  100.369  281.876
671.753  386.21  192.961  386.845
794.953  292.756  319.065  291.598
558.624  396.561  49.2386  410.627
857.498  189.574  369.47  202.052
590.661  257.077  105.384  248.39
777.47  161.959  303.222  168.059
661.38  335.589  185.302  335.212
714.334  126.788  246.529  125.133
814.936  286.06  335.576  287.028
714.91  154.187  244.204  152.901
604.314  253.797  120.695  245.423
733.676  183.657  262.705  184.727
788.283  338.236  308.99  334.926
735.844  183.21  266.209  183.672
662.468  186.198  190.824  177.356
607.997  289.414  124.488  285.251
637.856  266.9  162.33  260.748
796.354  168.288  321.617  176.949
605.545  272.823  122.889  266.806
789.973  336.043  311.668  332.846
750.627  291.106  279.457  290.462
633.872  147.998  150.561  130.869
592.838  337.701  100.119  339.475
629.124  317.523  149.633  316.394
665.163  129.433  190.033  118.141
703.373  265.68  235.217  264.126
691.069  283.703  220.852  281.708
696.251  259.123  227.74  255.874
706.96  518.857  218.717  521.776
677.288  293.07  205.097  290.896
744.273  258.586  274.544  259.023
768.93  190.195  295.168  194.973
688.284  141.112  218.092  134.347
686.684  234.018  217.656  229.672
655.922  156.633  179.411  145.22
663.65  181.932  192.57  173.124
630.126  274.987  152.652  269.031
613.929  278.049  131.438  272.846
619.472  168.08  143.246  151.882
818.967  233.658  338.819  239.696
819.689  357.644  331.75  350.821
791.584  178.397  315.775  186.56
884.134  313.3  386.893  310.312
819.849  270.319  337.515  272.676
861.19  223.074  371.287  232.775
666.445  142.48  190.443  131.855
666.741  129.69  190.033  118.141
775.611  255.699  301.91  257.651
565.272  285.948  67.1984  279.878
581.311  223.377  92.2388  207.757
842.239  273.434  356.377  276.295
841.979  385.421  351.41  376.163
736.753  232.298  267.135  233.022
825.458  261.931  345.603  264.457
827.441  230.755  345.906  236.302
706.833  279.135  238.323  277.747
865.8  227.786  376.582  236.236
742.568  242.471  273.161  242.049
760.404  159.14  288.355  163.204
880.045  202.189  383.12  213.928
652.728  250.724  180.388  245.807
662.885  364.364  185.772  364.221
581.046  125.351  91.7127  95.112
875.13  353.11  379.391  346.147
770.983  212.098  297.25  216.069
583.329  406.324  82.9288  417.893
695.292  222.171  226.215  218.216
678.246  456.269  192.327  462.11
643.553  260.63  161.389  253.354
639.155  292.626  160.655  289.533
579.848  190.648  89.077  171.107
662.926  393.19  181.344  396.397
632.276  316.895  152.78  315.744
610.808  242.392  128.214  231.833
709.581  233.019  241.156  231.81
676.062  156.666  207.826  150.58
745.723  264.9  275.635  265.212
778.953  279.737  305.924  280.507
645.078  164  166.484  149.738
712.29  147.922  244.241  147.19
737.234  208.785  267.125  208.632
659.352  260.693  186.582  256.599
808.783  381.312  325.676  374.187
686.483  238.572  217.532  234.264
607.514  359.35  118.119  363.373
780.616  336.46  303.384  333.504
855.711  272.754  362.543  275.572
846.58  201.765  361.984  213.475
687.982  267.216  216.779  264.752
688.651  335.711  216.311  333.362
660.421  318.582  185.043  317.411
703.637  216.389  235.568  214.73
565.994  208.874  70.8915  190.303
674.778  213.538  204.537  208.783
723.648  211.978  253.613  211.829
867.403  372.157  370.724  361.805
767.745  157.726  294.282  164.064
747.075  266.591  275.836  266.789
838.591  233.771  354.812  241.102
677.466  131.405  209.513  124.819
756.5  275.151  284.642  275.384
768.549  175.667  294.729  181.165
770.703  228.569  296.985  231.693
647.46  508.631  154.542  523.146
721.005  127.749  252.091  128.305
716.714  161.039  249.252  161.157
817.279  367.281  330.844  361.066
883.179  322.441  386.683  318.129
816.843  245.575  336.651  250.378
703.907  215.319  232.903  213.077
850.223  397.801  357.838  385.318
773.601  287.037  299.623  287.11
569.792  221.177  75.0143  204.954
774.768  157.271  300.396  162.991
826.721  259.498  344.239  261.897
680.559  241.121  211.755  237.963
691.783  262.705  221.371  260.429
640.143  276.064  164.346  271.997
663.295  160.217  186.645  148.521
695.545  207.268  226.019  204.457
647.575  261.942  172.115  257.158
675.75  258.398  205.948  255.354
662.566  268.044  189.399  264.449
600.749  266.909  114.485  259.819
733.795  311.674  262.801  310.306
682.925  141.302  210.405  134.373
727.457  202.025  257.041  202.342
663.942  143.853  187.814  132.991
880.916  176.622  385.323  193.796
707.396  247.605  238.038  244.652
684.072  350.204  207.751  349.925
662.289  252.287  190.914  248.147
659.45  182.983  188.168  173.59
662.19  143.238  185.912  132.048
825.279  223.61  344.533  229.706
785.57  336.499  307.093  333.507
827.546  187.385  346.084  197.163
767.118  285.728  294.947  285.867
695.225  160.352  225.34  156.639
728.439  248.665  259.363  248.618
763.51  277.395  291.915  276.35
775.624  257.692  301.954  259.644
794.848  162.667  319.96  171.281
607.62  277.86  123.46  272.481
799.843  358.128  318.949  353.25
558.477  274.591  62.4757  265.221
758.944  317.256  285.242  315.656
719.454  213.874  250.336  211.971
725.673  212.257  255.349  212.308
867.37  338.58  373.662  332.243
606.276  150.302  127.765  131.54
870.834  291.144  375.669  292.367
630.875  278.451  153.967  272.71
852.044  294.444  362.234  295.084
782.827  229.948  308.989  232.572
730.389  250.627  261.297  250.692
596.746  160.683  110.356  138.131
683.523  160.901  214.384  155.818
682.733  226.494  213.518  223.092
738.913  201.986  268.768  202.067
782.724  235.012  309.038  238.951
681.95  264.109  210.409  261.367
855.613  229.951  370.658  239.406
643.917  263.43  168.933  258.732
740.852  175.153  269.497  177.472
604.694  295.834  123.235  291.068
828.506  275.187  346.858  277.78
590.855  340.038  100.026  340.733
649.773  121.029  171.5  105.791
587.628  262.912  98.2408  254.649
590.09  262.531  102.776  254.52
829.842  324.678  346.373  320.463
701.236  124.729  233.26  122.159
662.495  259.11  192.339  255.517
617.458  175.085  137.534  159.891
613.088  231.156  130.809  221.053
676.174  350.613  200.54  349.056
807.128  279.663  328.608  281.169
539.531  278.686  33.3873  270.547
858.065  423.807  361.68  408.068
772.264  284.003  298.152  284.282
716.836  550.247  226.209  552.492
617.908  163.442  137.901  147.079
601.751  158.051  116.635  136.055
735.873  311.323  273.856  310.418
754.488  292.152  283.353  291.768
908.323  367.947  400.676  356.405
733.628  217.379  264.643  218.468
742.045  174.438  271.046  177.067
557.07  279.919  58.2758  272.825
838.075  345.108  351.624  340.241
634.865  268.848  158.574  264.118
775.508  219.065  301.722  223.288
738.911  230.076  269.846  229.627
741.934  290.025  269.475  289.305
892.736  394.266  391.03  379.417
633.226  259.889  157.767  254.494
794.691  165.563  319.67  173.823
671.106  351.863  193.535  352.269
811.931  185.93  331.569  195.454
770.719  309.885  297.926  308.796
840.501  187.583  357.267  198.754
726.463  199.562  255.909  199.872
893.214  323.568  393.455  318.875
811.161  187.895  331.116  197.242
722.037  156.708  252.973  157.298
889.848  260.078  393.344  266.579
695.454  232.219  224.763  229.697
803.023  279.729  325.366  279.461
659.358  231.197  189.545  226.219
801.965  356.172  319.562  349.777
635.924  266.193  158.24  259.433
631.739  248.053  156.231  241.663
757.744  351.416  277.899  346.918
679.988  265.28  209.328  260.914
803.201  322.313  323.749  320.212
797.773  279.902  320.351  279.405
659.413  239.912  188.803  233.479
664.363  391.582  183.613  394.689
596.863  274.565  110.288  266.69
645.362  193.783  175.53  183.778
630.47  373.178  147.529  377.301
808.399  260.033  330.666  263.461
634.304  278.244  159.182  272.641
871.584  255.061  378.106  261.277
717.73  153.865  252.588  155.116
854.199  332.181  366.128  328.526
739.556  193.881  271.605  194.72
706.497  244.779  237.819  243.516
827.504  286.849  346.357  288.325
669.496  393.758  188.561  396.638
737.945  219.344  267.45  220.549
768.359  260.606  294.69  260.276
726.806  221.448  256.024  219.696
879.717  209.582  384.124  222.282
705.295  208.144  236.542  206.641
800.838  164.798  324.412  173.641
628.161  270.564  153.072  265.961
619.695  287.829  138.32  284.073
625.854  267.708  147.497  262.446
563.877  281.778  65.3292  275.189
578.493  211.161  88.2024  193.083
887.098  201.647  389.48  214.092
598.291  165.445  118.523  147.266
748.825  264.613  279.078  263.516
710.608  231.379  242.075  230.463
763.834  292.81  292.154  292.678
665.445  236.429  195.335  230.244
859.052  225.402  372.43  233.696
595.365  469.491  91.7796  491.6
723.812  221.663  252.468  221.372
880.197  180.596  385.086  197.451
831.771  201.863  349.823  212.415
779.761  165.929  308.157  172.699
738.069  199.998  267.598  201.726
779.995  291.368  307.612  291.702
704.518  279.367  235.406  278.11
612.755  297.498  127.286  294.479
875.248  188.732  382.492  204.396
718.262  239.535  255.032  238.174
800.93  357.839  318.634  351.284
768.347  212.315  294.644  216.259
609.222  244.719  126.216  235.928
595.719  118.862  109.35  90.4579
717.02  246.236  248.883  245.798
724.646  214.371  254.331  214.47
672.959  131.52  207.193  125.218
777.551  237.508  303.765  240.965
592.158  305.753  101.781  303.516
891.284  308.447  392.16  307.766
651.272  494.419  158.968  508.643
573.431  265.921  79.7569  257.399
707.815  222.153  241.427  219.526
678.353  213  208.639  208.902
813.394  177.44  335.776  188.882
601.068  150.18  119.476  130.019
623.341  259.652  147.211  251.964
785.515  340.368  307.029  337.33
564.729  281.997  66.6691  273.624
574.981  284.746  82.9056  279.323
672.669  517.682  181.295  527.683
583.771  398.489  82.7018  410.54
660.538  157.972  185.044  147.906
720.406  237.01  251.478  236.797
572.738  267.837  80.4325  257.805
623.54  320.461  146.283  318.101
579.884  163.522  89.3893  140.268
831.816  243.951  352.284  248.618
683.328  465.147  198.173  470.862
693.556  262.831  225.26  261.148
619.517  157.911  146.808  143.457
890.52  259.106  405.771  267.872
624.284  273.442  144.81  266.66
639.596  326.004  158.973  325.793
768.565  286.693  295.738  286.988
680.281  353.813  203.663  354.058
689.42  141.838  220.398  137.387
700.452  259.092  231.994  257.696
598.658  298.12  113.011  293.171
574.139  292.909  79.6351  288.614
788.501  249.248  314.671  250.83
723.493  256.79  254.84  256.608
888.896  323.807  392.33  319.014
745.806  194.425  274.779  197.173
598.037  159.849  118.178  141.048
623.01  285.92  141.517  282.129
826.883  182.522  344.931  192.266
732.83  284.121  258.334  281.253
677.29  163.157  209.612  157.953
593.66  332.588  104.926  334.012
627.008  259.632  146.415  253.531
673.86  135.401  201.806  125.123
715.293  132.848  248.295  131.212
690.919  247.474  220.72  243.119
725.7  201.512  257.041  202.342
785.595  350.911  305.018  345.287
719.951  228.694  251.093  228.6
626.049  269.152  147.441  264.135
750.476  260.084  280.254  259.074
766.901  173.744  293.143  179.433
782.451  201.063  308.243  207.282
652.692  127.908  175.166  111.953
797.8  166.587  322.621  175.04
714.334  126.788  246.278  126.794
670.041  469.365  180.996  476.025
733.706  288.452  256.742  285.315
617.325  251.991  136.543  244.753
608.8  282.53  124.781  277.985
866.396  319.959  371.325  317.753
680.995  264.325  211.716  259.96
762.798  172.589  290.194  178.081
611.549  358.17  122.031  362.228
738.587  222.884  267.874  224.183
735.039  266.444  263.317  266.336
713.643  258.479  244.938  257.786
765.311  286.201  293.189  286.549
607.126  281.113  125.343  276.575
719.785  199.131  249.996  199.096
753.032  183.507  280.85  187.297
768.305  182.229  294.148  187.638
886.701  287.493  389.859  289.988
706.885  241.721  238.141  240.655
600.874  282.02  116.581  277.291
811.062  289.051  332.656  290.157
754.541  215.699  283.24  218.691
665.765  393.346  184.84  396.667
773.627  312.374  295.783  311.169
760.611  226.951  286.859  229.564
776.461  286.894  303.263  287.484
796.943  352.705  315.862  346.503
846.123  219.37  360.653  229.151
751.705  161.413  283.629  167.105
706.092  174.572  236.266  170.632
764.763  269.41  290.945  268.245
599.626  301.479  115.901  296.953
842.839  220.403  358.791  230.014
624.664  278.796  145.865  272.485
703.708  160.096  235.971  156.323
624.213  260.781  145.164  254.942
722.715  218.433  252.963  218.57
706.626  237.835  238.06  236.791
653.033  140.316  177.479  128.194
751.343  289.742  276.285  287.131
661.902  370.256  184.841  370.054
609.435  358.992  118.119  363.373
805.074  187.613  325.394  196.445
724.163  285.576  255.128  282.835
738.455  190.694  266.898  192.586
734.249  234.963  264.536  235.849
693.382  369.79  216.238  370.063
808.387  182.798  328.355  192.418
670.629  231.313  201.565  227.514
631.713  275.037  154.995  268.727
662.19  248.043  190.803  244.056
619.82  185.302  138.965  169.183
604.14  172.387  122.617  153.079
771.351  290.944  301.452  291.461
807.64  259.978  328.962  263.471
829.317  188.817  348.283  198.477
710.497  545.375  221.105  548.114
594.916  276.562  113.237  269.082
689.182  237.316  219.692  232.638
841.318  205.748  357.326  216.87
562.495  264.465  65.9482  255.307
664.659  397.295  183.603  398.726
649.988  265  176.55  261.138
817.334  239.78  337.439  245.635
720.878  202.072  250.422  202.059
635.117  272.242  158.004  268.021
607.843  345.296  123.387  345.654
795.123  265.938  318.921  268.542
568.714  291.078  71.9644  286.463
866.706  195.973  375.71  210.053
863.722  312.533  371.798  311.464
652.144  200.56  182.707  193.772
849.987  230.023  366.23  239.455
897.471  358.957  395.252  350.98
707.593  245.977  239.021  245.074
706.729  249.493  238.251  248.556
865.179  433.97  368.339  415.853
842.845  188.162  359.983  199.435
625.328  273.771  146.812  266.971
867.079  292.493  372.663  291.525
655.378  273.465  184.477  268.245
803.822  187.392  323.512  195.935
618.792  278.623  137.328  274.182
617.354  277.922  136.104  273.402
688.242  239.366  219.369  237.092
829.943  339.279  345.96  335.536
671.916  265.147  203.516  262.765
780.546  162.998  306.752  169.105
770.488  285.691  296.44  286.179
647.678  331.371  166.826  331.613
608.645  282.026  126.327  277.696
724.513  251.938  253.987  251.787
670.354  471.223  181.594  477.741
636.773  155.957  162.936  143.372
812.257  187.935  333.178  198.063
726.641  304.92  252.216  301.539
809.153  255.27  331.233  259.447
845.88  341.292  357.112  337.027
721.689  213.639  251.608  213.749
729.51  276.119  259.383  275.899
692.67  362.095  215.299  362.29
827.498  188.783  354.443  200.451
759.865  346.459  284.052  344.009
848.442  417.573  354.224  405.323
813.021  287.545  333.556  288.876
784.133  222.78  310.708  228.118
604.022  252.202  120.046  244.172
775.624  257.692  301.91  257.651
727.801  227.537  258.06  225.685
717.793  262.57  248.499  262.136
832.857  199.435  350.609  210.598
799.575  293.129  315.676  293.224
787.732  211.784  310.156  217.311
736.469  315.524  262.338  314.425
713.11  229.887  243.547  229.28
806.303  253.263  329.651  255.184
699.268  235.761  233.046  234.708
589.185  296.158  99.356  292.899
860.462  319.87  368.671  315.516
576.078  266.223  83.6705  258.211
730.92  179.539  260.472  181.087
818.218  293.916  338.151  294.803
878.72  267.516  383.297  270.204
736.872  327.449  261.642  326.11
672.596  305.196  198.598  303.916
727.957  250.846  258.176  251.084
595.204  333.816  103.972  335.593
565.735  396.931  62.0224  410.589
733.831  195.087  264.044  196.915
630.597  281.651  154.015  275.754
652.798  281.011  180.005  275.876
638.722  324.255  158.086  324.172
687.801  139.092  218.092  134.347
800.79  292.846  322.865  291.03
801.178  285.62  322.923  286.855
865.766  291.527  373.162  290.701
634.958  316.847  155.24  316.228
722.805  203.764  252.764  204.164
764.977  212.008  291.096  215.878
712.607  150.034  244.241  147.19
633.987  323.8  153.562  323.768
715.187  255.14  245.802  254.662
774.842  271.025  301.647  272.702
629.388  163.686  151.456  147.111
627.97  254.795  150.473  248.936
670.813  475.373  182.382  481.908
681.544  260.675  212.071  255.983
731.375  184.154  261.168  185.814
625.381  280.923  146.397  274.607
883.289  354.724  380.98  345.512
559.345  125.056  63.0074  88.9917
556.399  272.151  58.3067  264.197
634.456  166.057  155.298  152.596
787.235  355.432  307.506  351.744
613.601  286.509  130.824  282.827
659.015  473.459  169.514  481.811
693.051  363.597  215.941  363.911
648.502  161.548  175.001  151.083
892.653  408.007  388.412  393.712
584.509  135.305  97.845  109.919
610.808  242.392  127.461  233.73
725.05  198.877  255.669  199.787
588.025  153.163  101.536  128.053
776.63  167.594  302.475  175.274
713.223  221.144  245.541  221.042
758.535  166.693  285.892  172.04
760.556  211.403  286.699  214.876
784.207  172.434  309.899  180.993
718.617  223.353  249.781  223.49
694.347  379.557  216.868  380.253
667.093  299.578  191.697  298.04
829.629  202.36  348.336  213.154
628.735  256.128  149.609  250.274
666.46  229.887  197.127  225.91
636.73  157.88  161.384  145.156
674.192  249.912  204.545  247.129
721.966  221.752  252.547  222.106
826.856  185.974  346.18  195.423
720.856  209.168  251.055  209.455
782.443  233.555  308.573  235.348
704.865  252.456  236.008  251.555
594.243  254.95  108.491  246.801
846.224  388.196  352.907  376.583
717.081  166.421  249.74  167.249
711.075  254.296  242.889  253.855
877.672  224.15  387.51  233.612
682.776  335.07  207.202  332.203
588.352  275.575  100.143  269.748
751.553  263.15  280.271  261.603
781.952  177.644  307.825  185.634
793.227  167.753  316.791  177.469
614.857  245.417  130.849  237.262
842.287  414.24  349.671  402.956
594.885  302.714  108.61  297.929
654.587  144.515  178.037  132.868
610.287  267.464  133.152  262.319
768.408  278.749  293.611  279.653
686.885  134.626  217.49  129.873
814.495  352.349  328.825  345.357
682.534  462.04  197.225  468.173
782.34  270.867  308.616  272.988
671.642  349.037  194.028  349.837
732.151  348.532  256.328  347.15
883.567  192.866  384.406  207.876
710.595  564.812  219.384  568.447
598.596  291.356  112.87  287.969
819.274  224.724  338.889  232.352
837.93  226.975  354.241  235.706
661.12  322.807  184.268  322.537
622.592  164.236  143.968  146.562
608.391  343.75  121.946  346.514
670.874  399.084  189.976  402.666
603.846  343.467  115.644  346.384
637.145  236.78  162.927  227.669
575.506  298.08  80.2038  294.986
764.487  197.338  291.852  202.319
675.526  238.476  206.162  235.533
868.475  227.196  379.483  238.255
722.673  254.905  253.83  255.122
649.873  117.005  171.436  102.095
676.997  120.036  217.761  117.032
740.212  218.059  270.355  217.262
565.569  188.967  68.8966  164.453
587.435  286.861  98.4343  282.606
670.983  396.34  190.463  399.771
664.506  162.942  187.521  150.709
676.649  235.828  207.065  229.897
616.716  280.095  136.596  276.189
581.85  141.893  95.2286  114.235
646.931  262.147  173.749  258.364
685.882  346.628  209.715  346.897
721.896  281.395  254.152  278.38
803.193  169.345  326.157  180.536
672.767  218.559  202.448  214.6
619.48  272.977  137.668  268.287
837.107  351.932  346.912  344.163
589.571  287.364  102.02  283.353
748.841  266.098  280.292  264.495
610.824  240.389  128.214  231.833
844.621  222.759  361.743  233.025
739.739  241.785  270.882  243.484
659.519  328.066  181.382  328.213
582.853  308.119  90.9087  303.728
848.49  423.736  354.558  411.114
698.735  240.739  230.605  236.593
814.541  319.581  298.485  314.177
664.107  433.759  181.523  440.272
894.72  173.343  396.132  193.4
834.778  239.413  350.922  246.588
881.628  208.89  385.237  222.415
775.662  266.352  302.191  268.605
665.418  445.983  184.045  452.836
828.936  185.876  347.973  195.348
661.715  127.695  184.931  116.15
710.863  237.424  242.558  237.209
708.663  209.369  236.749  208.188
907.875  155.948  400.491  174.652
574.947  407.163  73.0917  418.819
832.796  186.857  352.057  196.885
787.704  192.304  314.151  200.535
661.603  188.066  189.728  178.184
667.386  241.029  196.562  234.39
687.066  244.049  219.248  239.19
703.743  176.912  234.477  172.323
652.402  145.358  175.504  133.58
767.557  256.616  294.154  258.989
810.294  184.554  330.687  194.954
662.54  129.952  185.918  118.78
652.62  273.923  177.082  270.951
634.678  319.577  154.333  319.537
831.005  189.127  350.319  198.607
670.34  250.523  199.654  244.421
648.379  265.264  171.059  261.413
801.763  359.278  317.699  351.977
559.823  418.453  61.2401  432.757
695.749  221.626  226.953  220.108
602.626  278.18  122.135  270.648
818.935  205.312  338.173  214.833
736.508  180.78  265.012  183.191
646.914  268.565  171.756  265.139
648.279  266.43  173.623  262.968
566.355  296.339  69.33  293.069
558.524  274.913  60.8272  264.578
680.36  456.221  194.562  459.372
768.402  291.812  295.448  292.485
718.622  126.339  247.966  126.817
847.293  207.972  363.225  220.188
730.681  294.121  256.052  290.406
595.681  301.411  112.887  299.671
850.852  342.708  362.997  338.631
837.577  215.093  354.32  225.444
759.329  232.835  285.434  235.678
770.49  255.976  296.835  255.224
671.536  393.814  190.839  397.318
642.074  130.857  164.344  116.314
678.951  459.885  194.184  466.593
747.212  286.875  278.715  284.207
716.511  254.503  247.819  254.643
733.965  210.747  263.628  212.606
556.129  209.103  56.4332  186.59
669.863  453.18  186.193  460.497
925.679  135.238  412.493  162.327
738.96  206.258  268.165  205.154
662.842  243.392  191.364  239.806
873.11  253.932  377.99  260.986
635.712  146.099  155.895  131.275
828.531  204.256  346.547  214.923
879.148  377.012  380.749  364.413
765.469  291.524  291.163  292.086
738.405  204.369  268.542  203.455
594.628  305.236  99.8455  303.519
725.151  287.117  252.692  283.457
607.62  277.86  124.991  273.579
582.02  139.961  95.5295  111.806
673.679  269.196  204.707  267.523
614.028  353.574  125.342  357.652
846.238  226.758  360.264  236.275
606.902  249.016  122.133  241.174
702.703  161.02  232.598  155.694
583.945  388.545  81.9168  399.893
724.85  303.293  250.978  299.368
722.732  128.666  257.717  132.091
720.26  233.61  251.445  234.239
556.303  221.5  57.0865  204.84
735.122  193.999  263.601  196.101
642.383  134.101  164.916  120.028
638.035  324.061  156.212  324.482
616.692  161.853  137.886  146.506
571.626  143.06  75.0711  114.724
613.243  233.599  130.825  224.721
691.818  529.09  202.313  534.545
782.436  202.472  308.266  209.382
851.907  411.456  359.059  396.268
582.909  283.264  94.5369  278.822
694.456  271.062  223.575  270.05
719.078  128.622  248.79  129.45
651.353  372.139  174.83  371.895
881.55  243.848  384.06  252.654
816.291  255.982  340.478  257.934
546.093  142.321  39.4495  107.988
803.649  356.876  320.105  349.471
675.678  269.561  206.725  268.036
800.581  328.408  322.136  326.793
892.773  453.844  384.727  430.872
589.453  156.904  100.58  131.27
724.554  192.585  257.604  190.933
747.716  292.089  268.773  288.298
719.921  263.542  251.208  263.893
799.169  343.221  320.623  340.476
790.486  257.955  317.119  261.963
571.805  347.371  71.5215  352.635
582.356  388.129  84.4661  399.212
803.958  206.326  323.964  214.241
859.706  373.334  367.326  365.543
776.407  165.981  302.334  174.299
715.027  202.055  244.551  202.133
592.358  257.381  106.461  249.979
707.334  199.403  236.326  198.526
647.107  479.813  156.954  489.958
909.115  161.593  401.274  183.26
808.602  344.687  327.395  341.662
768.903  295.238  294.908  295.884
560.503  274.324  62.0707  263.616
838.186  240.128  353.524  247.748
586.231  262.017  97.9499  254.795
790.474  359.776  309.198  356.343
724.098  263.714  255.859  264.411
894.858  224.233  394.068  232.763
887.185  177.677  389.34  196.326
706.216  369.955  229.004  370.331
607.545  279.119  124.978  275.159
627.421  250.184  147.887  244.28
628.96  276.764  152.972  269.782
759.42  181.667  284.712  186.588
613.81  355.228  126.019  359.66
648.279  266.43  171.691  263.051
621.284  181.466  143.044  168.901
741.673  221.663  272.145  224.438
882.415  190.472  386.341  207.131
634.392  132.065  157.336  116.982
646.038  247.152  170.816  242.552
668.906  395.164  187.552  399.286
783.984  188.981  310.263  197.277
618.714  248.717  140.61  242.508
627.905  192.985  148.102  177.779
632.168  166.431  155.262  149.984
701.273  222.867  230.877  221.876
840.391  398.742  349.497  385.607
634.674  135.535  152.205  119.058
671.507  269.459  202.513  267.992
549.158  140.5  42.3788  106.33
634.647  282.215  159.584  275.783
805.494  325.893  325.334  324.628
683.844  237.023  214.123  231.012
761.354  156.215  290.999  163.991
727.814  225.478  257.785  222.737
561.09  396.737  49.0075  412.412
636.662  279.046  163.924  276.714
547.137  145.214  40.2027  111.766
646.652  259.235  171.6  255.613
683.769  234.907  213.581  232.913
710.325  256.81  242.263  257.062
596.341  145.099  113.27  124.453
870.776  433.491  369.39  414.641
578.327  391.376  76.5944  403.867
831.087  183.142  350.025  192.649
665.163  129.433  188.816  119.26
798.3  181.383  321.724  191.626
789.94  343.966  313.353  341.671
570.141  163.349  77.7164  135.357
710.385  284.034  239.522  283.982
661.003  252.627  191.343  250.059
842.466  264.547  356.771  269.911
578.2  383.815  76.5151  395.133
668.918  353.064  192.766  354.851
636.44  242.18  160.838  232.518
645.732  159.428  168.457  148.226
868.096  327.025  372.289  320.751
783.102  192.546  309.152  200.611
670.082  134.605  198.495  127.202
816.006  210.537  334.806  215.215
656.076  164.434  177.613  154.559
811.129  243.05  330.763  249.018
770.777  265.654  297.414  268.318
833.692  211.637  351.215  222.574
545.013  144.78  40.2027  111.766
713.071  264.701  242.322  264.83
782.079  181.391  307.988  190.025
617.09  192.426  136.645  175.79
798.737  279.249  322.182  277.615
799.902  183.773  323.723  194.291
606.309  288.655  123.264  285.996
703.584  213.798  232.903  213.077
601.404  340.689  112.759  344.123
614.304  383.054  127.281  386.374
782.921  235.488  309.272  240.854
702.744  231.859  235.199  227.332
680.408  212.375  208.997  204.835
866.378  317.941  370.486  317.146
595.719  118.862  111.247  89.7497
756.271  159.36  282.479  165.235
710.304  147.661  243.385  148.623
545.632  287.809  42.0535  283.151
637.653  133.494  157.245  118.213
660.038  248.391  190.099  245.679
770.627  345.036  290.175  338.95
683.255  277.078  210.781  276.169
716.902  129.882  246.896  130.965
785.676  201.453  312.093  209.529
708.946  280.563  241.709  281.006
641.52  128.853  163.829  114.733
712.244  209.762  241.599  209.999
798.683  192.121  322.257  201.893
544.072  140.406  38.2024  106.279
757.057  257.003  281.114  254.353
606.969  312.571  122.109  308.009
908.505  159.933  399.684  181.857
736.713  556.341  245.085  552.784
781.26  161.316  306.176  165.929
865.512  283.624  372.598  287.415
550.49  142.08  43.5156  108.727
773.628  213.6  300.832  219.784
794.487  198.432  313.254  205.97
789.107  181.029  317.232  191.664
850.353  249.567  366.297  257.906
721.792  260.601  253.228  261.77
647.092  264.111  172.657  261.328
673.463  401.887  193.571  406.349
779.333  161.093  306.176  165.929
768.352  264.377  294.89  267.308
687.473  224.713  217.303  218.094
690.663  265.717  219.19  265.111
671.691  394.465  189.949  398.943
858.494  276.698  370.607  276.613
865.169  320.563  370.402  314.717
754.298  260.239  282.769  262.86
780.093  371.34  301.948  368.201
685.256  234.88  215.899  233.636
874.798  198.587  379.796  213.919
662.135  126.162  185.39  115.698
872.212  407.739  375.617  395.822
645.996  162.947  167.781  152.247
694.838  568.618  202.031  575.454
586.928  346.156  89.4293  351.41
621.525  153.145  145.698  139.298
606.284  250.487  122.457  243.812
750.511  186.318  277.149  190.979
601.984  272.364  119.492  262.949
650.048  263.959  174.96  261.397
595.688  123.617  115.949  96.2817
628.94  293.866  153.009  287.546
686.03  236.287  219.101  235.685
614.236  352.039  125.731  356.894
689.836  166.255  220.593  158.484
595.335  273.853  108.997  264.015
585.794  312.546  92.8058  307.533
753.221  204.136  281.435  209.035
670.354  471.223  180.421  476.394
882.319  375.101  385.684  361.345
614.739  154.982  135.173  139.519
664.552  231.957  193.77  223.482
671.821  255.645  209.388  255.419
743.226  220.272  274.854  224.399
593.462  248.714  107.427  241.217
908.199  164.37  400.988  186.743
595.44  171.619  109.959  148.436
597.415  295.528  106.645  293.887
566.886  379.993  63.6914  392.292
672.708  444.134  189.376  451.805
817.718  220.4  336.909  229.742
703.682  250.449  233.76  250.964
735.002  555.089  243.241  551.341
736.736  278.232  266.427  280.034
616.745  238.558  133.198  231.466
842.51  293.223  296.985  285.06
825.345  207.663  343.142  218.88
807.738  252.656  327.075  258.399
800.516  189.088  324.592  200.245
647.491  245.069  174.974  235.748
615.336  275.955  133.462  273.029
885.133  193.142  387.243  210.509
635.897  127.003  158.58  112.815
665.683  246.237  198.21  244.928
908.505  159.933  401.274  183.26
782.208  189.011  308.177  198.195
832.458  221.943  348.468  225.847
924.47  260.004  410.234  268.792
677.482  277.081  203.864  276.747
893.941  171.788  395.723  187.08
799.864  199.917  323.647  210.159
641.659  124.384  164.14  110.905
872.646  351.854  380.091  341.192
659.027  241.478  189.15  239.335
932.399  400.738  416.221  387.046
574.92  305.19  83.1533  298.268